((100, 0, 0), '#FFFFFFFFFFFF')
((99, -5, 0), '#E992FE02FAD0')
((99, -5, 5), '#E99CFF58ED7C')
((99, 0, 5), '#F957FACEEC1E')
((99, 0, 10), '#F941FC27DF04')
((99, 0, 15), '#F92AFD7BD221')
((99, 0, 20), '#F914FEC9C573')
((98, -10, 0), '#D3C3FBFDF5B3')
((98, -10, 5), '#D3EEFD44E893')
((98, -10, 10), '#D419FE85DBAA')
((98, -5, 10), '#E374FA17DA54')
((98, -10, 15), '#D443FFC0CEF8')
((98, -5, 15), '#E37EFB5BCDA4')
((98, -5, 20), '#E387FC9BC129')
((98, -5, 25), '#E391FDD6B4E1')
((98, 0, 25), '#F28CF983B393')
((98, -5, 30), '#E39AFF0BA8CB')
((98, 0, 30), '#F277FAC1A780')
((98, 0, 35), '#F263FBFA9B9E')
((98, 0, 40), '#F24EFD2F8FEC')
((98, 0, 45), '#F23AFE5E8468')
((98, 0, 50), '#F226FF897912')
((97, -20, -5), '#AEC5FD2CFF27')
((97, -15, -5), '#BE43F8B4FDCD')
((97, -10, -5), '#CDC0F43CFC74')
((97, -5, -5), '#DD3EEFC3FB1B')
((97, 0, -5), '#ECBCEB4BF9C1')
((97, 5, -5), '#FC39E6D3F868')
((97, -20, 0), '#AF34FE5FF1FE')
((97, -15, 0), '#BE90F9F0F0A8')
((97, 5, 0), '#FC01E836EB4E')
((97, -20, 5), '#AFA2FF8DE50F')
((97, -15, 5), '#BEDDFB28E3BB')
((97, 5, 5), '#FBC9E994DE6D')
((97, -15, 10), '#BF28FC5AD705')
((97, 5, 10), '#FB93EAEBD1C2')
((97, -15, 15), '#BF72FD87CA85')
((97, 5, 15), '#FB5DEC3DC54D')
((97, -15, 20), '#BFBBFEAFBE39')
((97, -10, 20), '#CE96FA66BCEE')
((97, 5, 20), '#FB28ED89B90D')
((97, -15, 25), '#C003FFD2B221')
((97, -10, 25), '#CEBFFB92B0D8')
((97, 5, 25), '#FAF4EED0ACFF')
((97, -10, 30), '#CEE7FCB9A4F4')
((97, 5, 30), '#FAC1F012A123')
((97, -10, 35), '#CF0EFDDC9941')
((97, -5, 35), '#DD8EF9AD97FE')
((97, 5, 35), '#FA8FF14F9577')
((97, -10, 40), '#CF35FEFA8DBD')
((97, -5, 40), '#DD98FAD38C7D')
((97, 5, 40), '#FA5DF28689FB')
((97, -5, 45), '#DDA1FBF5812A')
((97, 5, 45), '#FA2CF3B97EAD')
((97, -5, 50), '#DDAAFD127604')
((97, 5, 50), '#F9FCF4E7738D')
((97, -5, 55), '#DDB3FE2B6B0B')
((97, 0, 55), '#EBC0FA1E69D1')
((97, 5, 55), '#F9CDF6106898')
((97, -5, 60), '#DDBCFF40603C')
((97, 0, 60), '#EBADFB3A5F06')
((97, 5, 60), '#F99FF7345DCF')
((97, 0, 65), '#EB9AFC525464')
((97, 5, 65), '#F971F854532F')
((97, 0, 70), '#EB88FD6649EB')
((97, 5, 70), '#F944F97048B9')
((97, 0, 75), '#EB76FE763F9B')
((97, 5, 75), '#F917FA883E6B')
((97, 0, 80), '#EB64FF823572')
((97, 5, 80), '#F8EBFB9B3445')
((97, 5, 85), '#F8C0FCAA2A45')
((97, 5, 90), '#F896FDB5206A')
((97, 5, 95), '#F86CFEBD16B4')
((97, 5, 100), '#F843FFC00D23')
((96, 5, -10), '#F5F8DF4DFF1B')
((96, -30, -5), '#8B0EFF7AFB48')
((96, -25, -5), '#9A4CFB14F9F4')
((96, -25, 0), '#9ADCFC38ECFF')
((96, -25, 5), '#9B6AFD57E042')
((96, -25, 10), '#9BF5FE71D3BC')
((96, -20, 10), '#AAD1FA27D271')
((96, -25, 15), '#9C7FFF86C76B')
((96, -20, 15), '#AB3AFB46C623')
((96, -20, 20), '#ABA2FC60BA09')
((96, -20, 25), '#AC08FD75AE22')
((96, -20, 30), '#AC6CFE86A26D')
((96, -15, 30), '#BACCFA60A12D')
((96, -20, 35), '#ACCFFF9296E8')
((96, -15, 35), '#BB11FB7595AA')
((96, -15, 40), '#BB55FC858A57')
((96, -15, 45), '#BB98FD927F32')
((96, -10, 45), '#C9A0F9857DF9')
((96, -15, 50), '#BBDAFE99743A')
((96, -10, 50), '#C9C5FA957304')
((96, -15, 55), '#BC1AFF9D696E')
((96, -10, 55), '#C9EAFBA1683A')
((96, -10, 60), '#CA0EFCA95D9B')
((96, -10, 65), '#CA32FDAC5326')
((96, -5, 65), '#D7CCF9C051F7')
((96, -10, 70), '#CA55FEAC48DA')
((96, -5, 70), '#D7D4FAC747AD')
((96, -10, 75), '#CA78FFA83EB6')
((96, -5, 75), '#D7DDFBCA3D8B')
((96, -5, 80), '#D7E5FCCA3390')
((96, 10, 80), '#FFC5F1483017')
((96, -5, 85), '#D7EDFDC529BB')
((96, 0, 85), '#E51FF9F72895')
((96, 10, 85), '#FF81F25A2649')
((96, -5, 90), '#D7F5FEBD200C')
((96, 0, 90), '#E50EFAF61EE8')
((96, 10, 90), '#FF3EF3681CA0')
((96, -5, 95), '#D7FDFFB21681')
((96, 0, 95), '#E4FDFBF1155F')
((96, 10, 95), '#FEFCF471131C')
((96, 0, 100), '#E4EDFCE90BFA')
((96, 10, 100), '#FEBBF57709BB')
((96, 0, 105), '#E4DCFDDD02B8')
((96, 5, 105), '#F1ACFA2B019A')
((96, 10, 105), '#FE7BF679007D')
((95, -20, -10), '#A3F8EF1FFF2D')
((95, -15, -10), '#B318EAC2FDDC')
((95, -10, -10), '#C239E664FC8A')
((95, -5, -10), '#D159E207FB39')
((95, 0, -10), '#E079DDAAF9E8')
((95, 10, -10), '#FEBAD4EFF746')
((95, -35, -5), '#776CFD47F622')
((95, 10, -5), '#FE60D657EA61')
((95, -35, 0), '#783FFE53E95C')
((95, -30, 0), '#871CFA09E811')
((95, 10, 0), '#FE08D7B9DDB6')
((95, -35, 5), '#790DFF5ADCCF')
((95, -30, 5), '#87CAFB19DB86')
((95, 10, 5), '#FDB1D914D142')
((95, -30, 10), '#8875FC25CF33')
((95, 10, 10), '#FD5BDA6AC505')
((95, -30, 15), '#891DFD2CC314')
((95, 10, 15), '#FD07DBBAB8FC')
((95, -30, 20), '#89C2FE2FB729')
((95, -25, 20), '#9820FA0AB5E9')
((95, 10, 20), '#FCB4DD04AD27')
((95, -30, 25), '#8A65FF2DAB71')
((95, -25, 25), '#98A4FB11AA33')
((95, 10, 25), '#FC63DE49A184')
((95, -25, 30), '#9926FC149EAF')
((95, 10, 30), '#FC13DF899611')
((95, -25, 35), '#99A6FD13935A')
((95, 10, 35), '#FBC4E0C38ACF')
((95, -25, 40), '#9A24FE0D8835')
((95, -20, 40), '#A80BFA0A86FF')
((95, 10, 40), '#FB77E1F97FBB')
((95, -25, 45), '#9A9FFF047D3D')
((95, -20, 45), '#A86AFB097C0A')
((95, 10, 45), '#FB2AE32974D5')
((95, -25, 50), '#9B19FFF77272')
((95, -20, 50), '#A8C8FC047141')
((95, 10, 50), '#FADFE4546A1B')
((95, -20, 55), '#A924FCFB66A4')
((95, 10, 55), '#FA96E57B5F8D')
((95, -20, 60), '#A97EFDEE5C32')
((95, -15, 60), '#B6F6FA0B5B06')
((95, 10, 60), '#FA4DE69D5529')
((95, -20, 65), '#A9D8FEDD51E9')
((95, -15, 65), '#B735FB0250BF')
((95, 10, 65), '#FA05E7BB4AEE')
((95, -20, 70), '#AA2FFFC947C9')
((95, -15, 70), '#B772FBF546A1')
((95, 10, 70), '#F9BFE8D440DB')
((95, -15, 75), '#B7AFFCE53CAB')
((95, 10, 75), '#F97AE9E936F1')
((95, -15, 80), '#B7EAFDD132DC')
((95, -10, 80), '#C4F9FA0C31B9')
((95, -15, 85), '#B825FEB92932')
((95, -10, 85), '#C51BFAFC2811')
((95, -15, 90), '#B85FFF9E1FAD')
((95, -10, 90), '#C53CFBE71E8F')
((95, -10, 95), '#C55CFCD01530')
((95, -10, 100), '#C57CFDB50BF5')
((95, -5, 100), '#D229FA0D0ADB')
((95, -10, 105), '#C59CFE9602DD')
((95, -5, 105), '#D231FAF501C5')
((94, 5, -15), '#E991D209FF1C')
((94, 10, -15), '#F895CDB4FDCD')
((94, -45, -10), '#5489FE57FF25')
((94, -40, -10), '#636BFA0CFDD9')
((94, -35, -10), '#724CF5C1FC8E')
((94, -30, -10), '#812EF176FB42')
((94, -25, -10), '#900FED2BF9F6')
((94, -45, -5), '#55A1FF4FF256')
((94, -40, -5), '#6461FB0DF10D')
((94, -40, 0), '#6553FC0AE47A')
((94, -40, 5), '#6641FD03D81F')
((94, -40, 10), '#672BFDF7CBFA')
((94, -35, 10), '#758AF9D2CABA')
((94, -40, 15), '#6811FEE8C00A')
((94, -35, 15), '#7650FACBBECC')
((94, -40, 20), '#68F3FFD4B44E')
((94, -35, 20), '#7713FBC0B313')
((94, -35, 25), '#77D3FCB1A78B')
((94, -35, 30), '#7890FD9E9C35')
((94, -30, 30), '#8674F99C9AFF')
((94, -35, 35), '#794AFE87910E')
((94, -30, 35), '#8711FA8D8FDB')
((94, -35, 40), '#7A00FF6C8616')
((94, -30, 40), '#87AAFB7B84E5')
((94, -30, 45), '#8842FC647A1D')
((94, -30, 50), '#88D7FD4A6F82')
((94, -30, 55), '#8969FE2C6511')
((94, -25, 55), '#96C0FA5363E8')
((94, -30, 60), '#89F9FF0B5ACB')
((94, -25, 60), '#9735FB3A59A4')
((94, -30, 65), '#8A87FFE650AE')
((94, -25, 65), '#97A8FC1C4F89')
((94, -25, 70), '#981AFCFC4597')
((94, -25, 75), '#988AFDD73BCC')
((94, -20, 75), '#A577FA1D3AAC')
((94, 15, 75), '#FFF3E00132CB')
((94, -25, 80), '#98F8FEB03228')
((94, -20, 80), '#A5CBFAFC310A')
((94, 15, 80), '#FF96E1142938')
((94, -25, 85), '#9964FF8528A9')
((94, -20, 85), '#A61FFBD9278D')
((94, 15, 85), '#FF3BE2231FCA')
((94, -20, 90), '#A671FCB21E35')
((94, 15, 90), '#FEE1E32D1681')
((94, -20, 95), '#A6C2FD881500')
((94, -15, 95), '#B34CF9E913E9')
((94, 15, 95), '#FE88E4340D5C')
((94, -20, 100), '#A712FE5A0BEF')
((94, -15, 100), '#B384FAC30ADA')
((94, 15, 100), '#FE31E5370459')
((94, -20, 105), '#A760FF2A0300')
((94, -15, 105), '#B3BBFB9901ED')
((93, -20, -15), '#9992E194FF0B')
((93, -15, -15), '#A857DD51FDC1')
((93, -10, -15), '#B71CD90EFC78')
((93, -5, -15), '#C5E1D4CBFB2F')
((93, 0, -15), '#D4A6D088F9E6')
((93, -50, -10), '#4231FC13F9EB')
((93, -50, -5), '#4369FCFCED4E')
((93, -50, 0), '#449BFDE1E0EA')
((93, -45, 0), '#52FCF9BBDFA9')
((93, 15, 0), '#FF87C7F2D0A3')
((93, -50, 5), '#45C8FEC2D4BD')
((93, -45, 5), '#5409FAA6D380')
((93, 15, 5), '#FF11C94CC49B')
((93, -50, 10), '#46F0FF9FC8C7')
((93, -45, 10), '#5511FB8CC78C')
((93, 15, 10), '#FE9ECAA0B8C8')
((93, -45, 15), '#5615FC6EBBCD')
((93, 15, 15), '#FE2CCBEEAD2A')
((93, -45, 20), '#5714FD4DB041')
((93, 15, 20), '#FDBCCD36A1BE')
((93, -45, 25), '#580FFE27A4E8')
((93, -40, 25), '#65D4FA2EA3B5')
((93, 15, 25), '#FD4ECE799684')
((93, -45, 30), '#5906FEFE99BF')
((93, -40, 30), '#66AEFB0E988F')
((93, 15, 30), '#FCE2CFB78B7A')
((93, -45, 35), '#59F8FFD28EC6')
((93, -40, 35), '#6783FBEA8D98')
((93, 15, 35), '#FC78D0EF809F')
((93, -40, 40), '#6855FCC282CF')
((93, 15, 40), '#FC10D22275F2')
((93, -40, 45), '#6924FD967834')
((93, -35, 45), '#7676F9BF770B')
((93, 15, 45), '#FBA9D3506B71')
((93, -40, 50), '#69EFFE686DC4')
((93, -35, 50), '#7725FA986C9E')
((93, 15, 50), '#FB44D479611D')
((93, -40, 55), '#6AB7FF366380')
((93, -35, 55), '#77D2FB6D625C')
((93, 15, 55), '#FAE0D59D56F2')
((93, -35, 60), '#787CFC405844')
((93, 15, 60), '#FA7ED6BD4CF2')
((93, -35, 65), '#7923FD0F4E55')
((93, 15, 65), '#FA1ED7D8431A')
((93, -35, 70), '#79C8FDDA448E')
((93, -30, 70), '#8694FA294370')
((93, 15, 70), '#F9BFD8EE3969')
((93, -35, 75), '#7A6AFEA33AEE')
((93, -30, 75), '#871CFAF939D3')
((93, -35, 80), '#7B0AFF683174')
((93, -30, 80), '#87A3FBC6305B')
((93, -30, 85), '#8827FC8F2708')
((93, -30, 90), '#88A9FD561DDA')
((93, -25, 90), '#9512F9C11CC6')
((93, -30, 95), '#892AFE1914D0')
((93, -25, 95), '#957AFA8C13BD')
((93, -30, 100), '#89A8FEDA0BE8')
((93, -25, 100), '#95E1FB530AD7')
((93, -30, 105), '#8A25FF980322')
((93, -25, 105), '#9646FC180213')
((92, 5, -20), '#DD9AC542FEF7')
((92, 10, -20), '#EC43C107FDB0')
((92, 15, -20), '#FAEDBCCCFC69')
((92, -45, -15), '#4C1BF087FEE0')
((92, -40, -15), '#5AA2EC56FD9C')
((92, -35, -15), '#6929E825FC58')
((92, -30, -15), '#77B0E3F4FB14')
((92, -25, -15), '#8637DFC3F9D1')
((92, 15, -15), '#FA6FBE3AEFB2')
((92, -60, -10), '#2205FDEFF603')
((92, -55, -10), '#306AF9C8F4C2')
((92, 15, -10), '#F9F4BFA1E336')
((92, -60, -5), '#237EFEC0E995')
((92, -55, -5), '#31C2FAA3E857')
((92, 15, -5), '#F97BC102D6F3')
((92, -60, 0), '#24F0FF8EDD60')
((92, -55, 0), '#3314FB79DC25')
((92, -55, 5), '#345FFC4DD029')
((92, -55, 10), '#35A5FD1CC464')
((92, -55, 15), '#36E5FDE8B8D3')
((92, -50, 15), '#44AAF9EEB7A0')
((92, -55, 20), '#381FFEB0AD75')
((92, -50, 20), '#45C6FABFAC45')
((92, -55, 25), '#3955FF75A249')
((92, -50, 25), '#46DDFB8DA11B')
((92, -50, 30), '#47F0FC579622')
((92, -50, 35), '#48FEFD1D8B58')
((92, -50, 40), '#4A07FDE180BC')
((92, -45, 40), '#573AFA127F96')
((92, -50, 45), '#4B0CFEA1764D')
((92, -45, 45), '#5823FADA7529')
((92, -50, 50), '#4C0DFF5D6C0A')
((92, -45, 50), '#5908FB9F6AE8')
((92, -45, 55), '#59EAFC6060D2')
((92, -45, 60), '#5AC8FD1F56E6')
((92, -40, 60), '#678DF96F55C9')
((92, -45, 65), '#5BA2FDDA4D22')
((92, -40, 65), '#684DFA324C07')
((92, -45, 70), '#5C79FE934385')
((92, -40, 70), '#690AFAF2426D')
((92, 20, 70), '#FFDBCF6E354B')
((92, -45, 75), '#5D4CFF483A10')
((92, -40, 75), '#69C4FBAF38FA')
((92, 20, 75), '#FF65D0832BF2')
((92, -45, 80), '#5E1DFFFB30C0')
((92, -40, 80), '#6A7CFC692FAC')
((92, 20, 80), '#FEF1D19322BF')
((92, -40, 85), '#6B30FD202684')
((92, -35, 85), '#7777F9952572')
((92, 20, 85), '#FE7FD29F19B0')
((92, -40, 90), '#6BE2FDD41D7F')
((92, -35, 90), '#7810FA501C70')
((92, 20, 90), '#FE0FD3A710C5')
((92, -40, 95), '#6C91FE86149E')
((92, -35, 95), '#78A8FB091390')
((92, 20, 95), '#FDA0D4AB07FC')
((92, -40, 100), '#6D3DFF340BDF')
((92, -35, 100), '#793CFBBE0AD4')
((92, -40, 105), '#6DE7FFE10342')
((92, -35, 105), '#79CFFC710238')
((91, -20, -20), '#8F90D488FEC3')
((91, -15, -20), '#9DFCD05FFD82')
((91, -10, -20), '#AC68CC35FC40')
((91, -5, -20), '#BAD4C80CFAFF')
((91, 0, -20), '#C93FC3E3F9BD')
((91, -70, -15), '#0124FEE4FE9D')
((91, -65, -15), '#0F6DFAC5FD5E')
((91, -60, -15), '#1DB7F6A6FC20')
((91, -55, -15), '#2C00F286FAE1')
((91, -50, -15), '#3A4AEE67F9A3')
((91, -70, -10), '#02E5FFA1F223')
((91, -65, -10), '#110DFB8CF0E7')
((91, -65, -5), '#12A5FC4FE4AB')
((91, -65, 0), '#1435FD0ED8A6')
((91, -65, 5), '#15BFFDCACCD9')
((91, -60, 5), '#2385F9D0CBA6')
((91, 20, 5), '#FFF0BA37B875')
((91, -65, 10), '#1741FE83C142')
((91, -60, 10), '#24E8FA92C011')
((91, 20, 10), '#FF5FBB89AD0B')
((91, -65, 15), '#18BDFF38B5DE')
((91, -60, 15), '#2645FB50B4B1')
((91, 20, 15), '#FED1BCD5A1D5')
((91, -65, 20), '#1A32FFEAAAAE')
((91, -60, 20), '#279CFC0BA983')
((91, 20, 20), '#FE45BE1C96D1')
((91, -60, 25), '#28EDFCC39E86')
((91, 20, 25), '#FDBBBF5C8BFE')
((91, -60, 30), '#2A38FD7893BA')
((91, -55, 30), '#3768F9AA9294')
((91, 20, 30), '#FD34C097815A')
((91, -60, 35), '#2B7EFE29891C')
((91, -55, 35), '#3891FA6387F9')
((91, 20, 35), '#FCAFC1CD76E5')
((91, -60, 40), '#2CBEFED87EAC')
((91, -55, 40), '#39B5FB1A7D8B')
((91, 20, 40), '#FC2CC2FE6C9C')
((91, -60, 45), '#2DF8FF837469')
((91, -55, 45), '#3AD4FBCE734B')
((91, 20, 45), '#FBACC4296280')
((91, -55, 50), '#3BEEFC7E6935')
((91, 20, 50), '#FB2DC550588E')
((91, -55, 55), '#3D03FD2C5F4B')
((91, -50, 55), '#49A9F9865E31')
((91, 20, 55), '#FAB1C6724EC6')
((91, -55, 60), '#3E14FDD75589')
((91, -50, 60), '#4A9FFA395471')
((91, 20, 60), '#FA36C78F4527')
((91, -55, 65), '#3F21FE7F4BF0')
((91, -50, 65), '#4B92FAE84ADB')
((91, 20, 65), '#F9BEC8A73BB0')
((91, -55, 70), '#4029FF25427E')
((91, -50, 70), '#4C81FB95416B')
((91, -55, 75), '#412EFFC83933')
((91, -50, 75), '#4D6CFC3F3822')
((91, -50, 80), '#4E53FCE72EFE')
((91, -50, 85), '#4F37FD8B25FF')
((91, -45, 85), '#5B44FA1124F2')
((91, -50, 90), '#5017FE2E1D24')
((91, -45, 90), '#5C0CFABA1C19')
((91, -50, 95), '#50F4FECD146B')
((91, -45, 95), '#5CD1FB611363')
((91, -50, 100), '#51CDFF6B0BD5')
((91, -45, 100), '#5D94FC050ACF')
((91, -45, 105), '#5E53FCA6025C')
((90, 0, -25), '#C3BFBD18FFEE')
((90, 5, -25), '#D211B8F6FEAF')
((90, 10, -25), '#E062B4D5FD6F')
((90, 15, -25), '#EEB3B0B3FC30')
((90, 20, -25), '#FD05AC92FAF1')
((90, -50, -20), '#35D7E74FFFB3')
((90, -45, -20), '#4406E338FE77')
((90, -40, -20), '#5234DF20FD3B')
((90, -35, -20), '#6063DB09FBFF')
((90, -30, -20), '#6E92D6F1FAC3')
((90, -25, -20), '#7CC0D2D9F986')
((90, 20, -20), '#FC64AE05EE69')
((90, 20, -15), '#FBC6AF72E21D')
((90, 20, -10), '#FB2BB0D8D60C')
((90, -70, -5), '#0259F9D7DFD1')
((90, 20, -5), '#FA93B237CA34')
((90, -70, 0), '#0408FA88D3FE')
((90, 20, 0), '#F9FEB390BE93')
((90, -70, 5), '#05AEFB36C861')
((90, -70, 10), '#074EFBE2BCFA')
((90, -70, 15), '#08E6FC8AB1C6')
((90, -70, 20), '#0A76FD2FA6C5')
((90, -70, 25), '#0C00FDD29BF5')
((90, -65, 25), '#1911FA0C9AD2')
((90, -70, 30), '#0D83FE719155')
((90, -65, 30), '#1A77FAB49035')
((90, -70, 35), '#0EFFFF0E86E4')
((90, -65, 35), '#1BD7FB5985C6')
((90, -70, 40), '#1075FFA87CA0')
((90, -65, 40), '#1D31FBFB7B84')
((90, -65, 45), '#1E85FC9B716F')
((90, -65, 50), '#1FD3FD386785')
((90, -60, 50), '#2C59F99B666E')
((90, -65, 55), '#211CFDD25DC5')
((90, -60, 55), '#2D87FA3D5CB0')
((90, -65, 60), '#225FFE69542E')
((90, -60, 60), '#2EB0FADC531C')
((90, -65, 65), '#239DFEFF4AC0')
((90, -60, 65), '#2FD4FB7849AF')
((90, 25, 65), '#FF7EBF8D379A')
((90, -65, 70), '#24D6FF914178')
((90, -60, 70), '#30F4FC12406A')
((90, 25, 70), '#FEF0C0A32E7A')
((90, -60, 75), '#320FFCAA374A')
((90, 25, 75), '#FE63C1B5257F')
((90, -60, 80), '#3326FD3F2E50')
((90, -55, 80), '#3F12F9CF2D46')
((90, 25, 80), '#FDD9C2C31CA9')
((90, -60, 85), '#3438FDD2257A')
((90, -55, 85), '#400CFA682473')
((90, 25, 85), '#FD51C3CC13F7')
((90, -60, 90), '#3545FE631CC8')
((90, -55, 90), '#4102FB001BC2')
((90, 25, 90), '#FCCCC4D10B68')
((90, -60, 95), '#364FFEF11438')
((90, -55, 95), '#41F4FB951334')
((90, 25, 95), '#FC48C5D202FB')
((90, -60, 100), '#3754FF7D0BCA')
((90, -55, 100), '#42E3FC270AC8')
((90, -55, 105), '#43CEFCB8027D')
((90, -50, 105), '#4F45F969017E')
((89, -25, -25), '#77DDCC09FF94')
((89, -20, -25), '#85F1C7F9FE5A')
((89, -15, -25), '#9406C3E9FD20')
((89, -10, -25), '#A21BBFD9FBE6')
((89, -5, -25), '#B02FBBC9FAAC')
((89, -65, -20), '#08E4ED4EFCDC')
((89, -60, -20), '#16D6E948FBA5')
((89, -55, -20), '#24C8E542FA6E')
((89, 25, 10), '#FFA4AD22A1CB')
((89, 25, 15), '#FEFAAE6C96FB')
((89, 25, 20), '#FE52AFB08C5D')
((89, 25, 25), '#FDAEB0EE81EF')
((89, 25, 30), '#FD0CB22777B0')
((89, -75, 35), '#001CFC288396')
((89, 25, 35), '#FC6DB35B6D9E')
((89, -75, 40), '#01ABFCB67980')
((89, 25, 40), '#FBD1B48963B8')
((89, -75, 45), '#0333FD426F96')
((89, -70, 45), '#0F9AF9AE6E82')
((89, 25, 45), '#FB37B5B259FE')
((89, -75, 50), '#04B5FDCB65D7')
((89, -70, 50), '#1100FA3F64C5')
((89, 25, 50), '#FAA0B6D6506D')
((89, -75, 55), '#0630FE525C42')
((89, -70, 55), '#1261FACD5B32')
((89, 25, 55), '#FA0CB7F54706')
((89, -75, 60), '#07A4FED752D6')
((89, -70, 60), '#13BCFB5951C8')
((89, 25, 60), '#F97AB90F3DC6')
((89, -75, 65), '#0913FF594991')
((89, -70, 65), '#1511FBE34885')
((89, -75, 70), '#0A7CFFD94073')
((89, -70, 70), '#1660FC6B3F6A')
((89, -70, 75), '#17ABFCF03674')
((89, -65, 75), '#2377F989356D')
((89, -70, 80), '#18EFFD742DA2')
((89, -65, 80), '#24A3FA132C9E')
((89, -70, 85), '#1A2FFDF524F5')
((89, -65, 85), '#25CBFA9B23F3')
((89, -70, 90), '#1B69FE741C6B')
((89, -65, 90), '#26EEFB211B6B')
((89, -70, 95), '#1C9FFEF11404')
((89, -65, 95), '#280CFBA51305')
((89, -70, 100), '#1DD0FF6C0BBE')
((89, -65, 100), '#2926FC270AC1')
((89, -70, 105), '#1EFCFFE60398')
((89, -65, 105), '#2A3CFCA7029D')
((89, -60, 105), '#357CF96801A3')
((88, 0, -30), '#B8F8B12CFF7E')
((88, 5, -30), '#C6F4AD23FE46')
((88, 10, -30), '#D4EFA91BFD0F')
((88, 15, -30), '#E2EAA512FBD7')
((88, 20, -30), '#F0E6A109FA9F')
((88, 25, -30), '#FEE19D00F967')
((88, -50, -25), '#2E6FDA66FF22')
((88, -45, -25), '#3C48D667FDEE')
((88, -40, -25), '#4A20D269FCB9')
((88, -35, -25), '#57F8CE6AFB84')
((88, -30, -25), '#65D1CA6BFA50')
((88, 25, -25), '#FE1C9E7AED0D')
((88, 25, -20), '#FD5B9FEDE0EF')
((88, 25, -15), '#FC9DA158D50E')
((88, 25, -10), '#FBE4A2BCC966')
((88, 25, -5), '#FB2DA41ABDF6')
((88, 25, 0), '#FA7BA571B2BD')
((88, 25, 5), '#F9CBA6C2A7B9')
((88, 30, 55), '#FF8BAF3D42C8')
((88, 30, 60), '#FEE1B05A39B9')
((88, 30, 65), '#FE39B17230D0')
((88, 30, 70), '#FD95B285280D')
((88, -75, 75), '#09CFF9BB349B')
((88, 30, 75), '#FCF3B3941F6F')
((88, -75, 80), '#0B29FA342BF5')
((88, 30, 80), '#FC54B49E16F5')
((88, -80, 85), '#0119FDF42470')
((88, -75, 85), '#0C7EFAAB2373')
((88, 30, 85), '#FBB7B5A40E9E')
((88, -80, 90), '#0280FE621C0F')
((88, -75, 90), '#0DCDFB201B13')
((88, 30, 90), '#FB1DB6A60668')
((88, -80, 95), '#03E1FECF13CF')
((88, -75, 95), '#0F17FB9212D5')
((88, -80, 100), '#053CFF390BB0')
((88, -75, 100), '#105BFC040AB8')
((88, -80, 105), '#0691FFA203B2')
((88, -75, 105), '#119BFC7302BC')
((87, 25, -35), '#F93696B5FF72')
((87, -25, -30), '#6EF4BFDCFF05')
((87, -20, -30), '#7CB3BBE4FDD2')
((87, -15, -30), '#8A72B7EDFCA0')
((87, -10, -30), '#9832B3F5FB6D')
((87, -5, -30), '#A5F1AFFEFA3B')
((87, -65, -25), '#02A8E057FC3B')
((87, -60, -25), '#1044DC69FB0B')
((87, -55, -25), '#1DE1D87CF9DC')
((87, 30, 10), '#FF719F659704')
((87, 30, 15), '#FEABA0AD8C99')
((87, 30, 20), '#FDE9A1EF825F')
((87, 30, 25), '#FD2AA32C7854')
((87, 30, 30), '#FC6FA4626E77')
((87, 30, 35), '#FBB7A59364C7')
((87, 30, 40), '#FB02A6BF5B43')
((87, 30, 45), '#FA50A7E551E8')
((87, 30, 50), '#F9A2A90748B7')
((87, 35, 90), '#FFA9AE37038F')
((86, 0, -35), '#AE99A5B7FEF2')
((86, 5, -35), '#BC40A1C6FDC2')
((86, 10, -35), '#C9E89DD5FC91')
((86, 15, -35), '#D78F99E5FB61')
((86, 20, -35), '#E53795F4FA31')
((86, -55, -30), '#19D6D1E0FFA2')
((86, -50, -30), '#275ACDF9FE75')
((86, -45, -30), '#34DFCA13FD47')
((86, -40, -30), '#4263C62DFC1A')
((86, -35, -30), '#4FE7C246FAED')
((86, -30, -30), '#5D6BBE60F9BF')
((86, 30, -30), '#FF9C8F94EBA0')
((86, 30, -25), '#FEB7910CDFAE')
((86, 30, -20), '#FDD6927ED3FA')
((86, 30, -15), '#FCFA93E8C880')
((86, 30, -10), '#FC22954BBD3F')
((86, 30, -5), '#FB4E96A7B236')
((86, 30, 0), '#FA7E97FCA763')
((86, 30, 5), '#F9B3994B9CC4')
((86, 35, 45), '#FF919F8D4D83')
((86, 35, 50), '#FECAA0B14482')
((86, 35, 55), '#FE06A1D03BA9')
((86, 35, 60), '#FD46A2E932F7')
((86, 35, 65), '#FC89A3FF2A6B')
((86, 35, 70), '#FBCFA50F2203')
((86, 35, 75), '#FB18A61B19C0')
((86, 35, 80), '#FA64A722119F')
((86, 35, 85), '#F9B3A82609A1')
((85, 25, -40), '#ED6D8BF3FEEC')
((85, 30, -40), '#FAFD8809FDBD')
((85, -30, -35), '#58FAB806FF87')
((85, -25, -35), '#6666B427FE5B')
((85, -20, -35), '#73D3B047FD30')
((85, -15, -35), '#813FAC68FC05')
((85, -10, -35), '#8EACA888FADA')
((85, -5, -35), '#9C18A4A9F9AE')
((85, 30, -35), '#FA10898CF180')
((85, -60, -30), '#0A00D008FA55')
((85, 35, 5), '#FFAD910596ED')
((85, 35, 10), '#FEC992518CB4')
((85, 35, 15), '#FDE9939782AD')
((85, 35, 20), '#FD0C94D778D5')
((85, 35, 25), '#FC3496106F2B')
((85, 35, 30), '#FB60974565AF')
((85, 35, 35), '#FA9098735C5F')
((85, 35, 40), '#F9C4999C5339')
((85, 40, 75), '#FF7B9E091691')
((85, 40, 80), '#FEB29F120E9E')
((85, 40, 85), '#FDECA01706CC')
((84, -5, -40), '#974A9E8EFF78')
((84, 0, -40), '#A49F9AB5FE4E')
((84, 5, -40), '#B1F596DCFD25')
((84, 10, -40), '#BF4B9303FBFC')
((84, 15, -40), '#CCA18F2AFAD3')
((84, 20, -40), '#D9F78B51F9A9')
((84, -60, -35), '#0631C9A5FFFB')
((84, -55, -35), '#1363C5D6FED4')
((84, -50, -35), '#2095C207FDAE')
((84, -45, -35), '#2DC8BE39FC88')
((84, -40, -35), '#3AFABA6AFB62')
((84, -35, -35), '#482CB69BFA3C')
((84, 35, -30), '#FFDE82CDDE5D')
((84, 35, -25), '#FEDA8445D2D3')
((84, 35, -20), '#FDDA85B5C785')
((84, 35, -15), '#FCE0871EBC72')
((84, 35, -10), '#FBEA887FB197')
((84, 35, -5), '#FAFA89DAA6F2')
((84, 35, 0), '#FA0E8B2E9C83')
((84, 40, 35), '#FF95907857D3')
((84, 40, 40), '#FEAF91A44EDD')
((84, 40, 45), '#FDCE92CA4611')
((84, 40, 50), '#FCF193EB3D6D')
((84, 40, 55), '#FC17950734F0')
((84, 40, 60), '#FB42961E2C98')
((84, 40, 65), '#FA7097302466')
((84, 40, 70), '#F9A1983E1C58')
((83, 20, -45), '#D4D48572FF77')
((83, 25, -45), '#E215819FFE50')
((83, 30, -45), '#EF557DCDFD28')
((83, 35, -45), '#FC9579FAFC01')
((83, -35, -40), '#43FBB078FFE4')
((83, -30, -40), '#5117ACB0FEC0')
((83, -25, -40), '#5E32A8E8FD9B')
((83, -20, -40), '#6B4EA520FC77')
((83, -15, -40), '#786AA157FB53')
((83, -10, -40), '#85869D8FFA2F')
((83, 35, -40), '#FB817B84EFE9')
((83, 35, -35), '#FA727D07E413')
((83, 40, 0), '#FFB4834596BA')
((83, 40, 5), '#FEB084968CB1')
((83, 40, 10), '#FDB185E082DA')
((83, 40, 15), '#FCB787247933')
((83, 40, 20), '#FBC288616FBB')
((83, 40, 25), '#FAD289996672')
((83, 40, 30), '#F9E58ACB5D54')
((83, 45, 60), '#FF7F8E672915')
((83, 45, 65), '#FE978F7B2111')
((83, 45, 70), '#FDB3908A1930')
((83, 45, 75), '#FCD391951172')
((83, 45, 80), '#FBF6929B09D5')
((83, 45, 85), '#FB1E939D025A')
((82, -10, -45), '#80FD97A9FFDC')
((82, -5, -45), '#8E0393E7FEBA')
((82, 0, -45), '#9B0A9025FD97')
((82, 5, -45), '#A8118C62FC75')
((82, 10, -45), '#B51788A0FB52')
((82, 15, -45), '#C21E84DEFA30')
((82, -60, -40), '#0059BDFDFF11')
((82, -55, -40), '#0D3BBA45FDF2')
((82, -50, -40), '#1A1EB68DFCD3')
((82, -45, -40), '#2700B2D6FBB4')
((82, -40, -40), '#33E2AF1EFA95')
((82, 40, -30), '#FFAD76A9D19D')
((82, 40, -25), '#FE897820C679')
((82, 40, -20), '#FD6B798FBB90')
((82, 40, -15), '#FC537AF6B0E0')
((82, 40, -10), '#FB417C56A669')
((82, 40, -5), '#FA347DAF9C28')
((82, 45, 25), '#FF9D81F861C0')
((82, 45, 30), '#FE98832D58D2')
((82, 45, 35), '#FD97845C500F')
((82, 45, 40), '#FC9B85854776')
((82, 45, 45), '#FBA486A83F05')
((82, 45, 50), '#FAB287C736BC')
((82, 45, 55), '#F9C388E02E99')
((82, 50, 80), '#FF918B220721')
((81, 15, -50), '#BD467F31FFE4')
((81, 20, -50), '#CA397B75FEC3')
((81, 25, -50), '#D72B77B8FDA3')
((81, 30, -50), '#E41E73FCFC82')
((81, 35, -50), '#F1107040FB62')
((81, 40, -50), '#FE036C83FA41')
((81, -35, -45), '#3CBBA580FF05')
((81, -30, -45), '#4988A1CEFDE7')
((81, -25, -45), '#56569E1CFCCA')
((81, -20, -45), '#63239A6BFBAC')
((81, -15, -45), '#6FF196B9FA8F')
((81, 40, -45), '#FCC66E16EE4C')
((81, 40, -40), '#FB906FA1E29A')
((81, 40, -35), '#FA617123D729')
((81, 45, -5), '#FF897623966C')
((81, 45, 0), '#FE6577788C91')
((81, 45, 5), '#FD4778C782E8')
((81, 45, 10), '#FC2F7A0F7971')
((81, 45, 15), '#FB1C7B51702A')
((81, 45, 20), '#FA0E7C8C6711')
((81, 50, 45), '#FFBF7F493B2E')
((81, 50, 50), '#FEB580693313')
((81, 50, 55), '#FDB181852B1D')
((81, 50, 60), '#FCB1829B234C')
((81, 50, 65), '#FBB583AC1B9F')
((81, 50, 70), '#FABE84B81414')
((81, 50, 75), '#F9CB85C00CAC')
((80, 40, -55), '#F8E8670BFFFE')
((80, -10, -50), '#78638D5BFF08')
((80, -5, -50), '#851D89AFFDED')
((80, 0, -50), '#91D68603FCD1')
((80, 5, -50), '#9E908257FBB5')
((80, 10, -50), '#AB4A7EABFA9A')
((80, -55, -45), '#075BAF2AFD00')
((80, -50, -45), '#13F0AB89FBE8')
((80, -45, -45), '#2085A7E8FACF')
((80, -40, -45), '#2D1AA446F9B7')
((80, 45, -30), '#FF0B6B23C55E')
((80, 45, -25), '#FDC96C99BA9D')
((80, 45, -20), '#FC8E6E07B016')
((80, 45, -15), '#FB596F6DA5C9')
((80, 45, -10), '#FA2A70CB9BB4')
((80, 50, 15), '#FFB174096B53')
((80, 50, 20), '#FE8A7547626A')
((80, 50, 25), '#FD68767F59AD')
((80, 50, 30), '#FC4C77B1511B')
((80, 50, 35), '#FB3578DD48B3')
((80, 50, 40), '#FA247A034075')
((80, 55, 65), '#FF2B7C8B1898')
((80, 55, 70), '#FE1F7D991139')
((80, 55, 75), '#FD187EA209FC')
((80, 55, 80), '#FC167FA602E0')
((79, 15, -55), '#B3617588FF1F')
((79, 20, -55), '#C00871E1FE05')
((79, 25, -55), '#CCB06E3AFCEB')
((79, 30, -55), '#D9576A94FBD1')
((79, 35, -55), '#E5FE66EDFAB6')
((79, 45, -55), '#FF4D5FA0F882')
((79, -40, -50), '#29499E95FF2F')
((79, -35, -50), '#35CB9AF9FE19')
((79, -30, -50), '#424C975DFD02')
((79, -25, -50), '#4ECE93C2FBEB')
((79, -20, -50), '#5B509026FAD4')
((79, -15, -50), '#67D18C8AF9BD')
((79, 45, -50), '#FDE5613DECAC')
((79, 45, -45), '#FC8762D0E11B')
((79, 45, -40), '#FB30645AD5CD')
((79, 45, -35), '#F9E065DBCAC0')
((79, 50, -10), '#FF3169999606')
((79, 50, -5), '#FDEC6AF48C57')
((79, 50, 0), '#FCAE6C4882DB')
((79, 50, 5), '#FB766D947992')
((79, 50, 10), '#FA456EDA7078')
((79, 55, 35), '#FF1971D544B7')
((79, 55, 40), '#FDF172FE3CA6')
((79, 55, 45), '#FCCE742134BC')
((79, 55, 50), '#FBB0753E2CF8')
((79, 55, 55), '#FA987657255A')
((79, 55, 60), '#F985776A1DDF')
((79, 60, 80), '#FF0678BF0074')
((78, 40, -60), '#EDC75E02FF49')
((78, 45, -60), '#FA5D5A60FE31')
((78, -15, -55), '#63B48710FF41')
((78, -10, -55), '#70248379FE2C')
((78, -5, -55), '#7C937FE3FD17')
((78, 0, -55), '#89037C4CFC01')
((78, 5, -55), '#957378B6FAEC')
((78, 10, -55), '#A1E2751FF9D7')
((78, -55, -50), '#01C0A484FC03')
((78, -50, -50), '#0E0AA0F8FAF1')
((78, -45, -50), '#1A549D6CF9DF')
((78, 50, -35), '#FF675EBAC437')
((78, 50, -30), '#FDFF6038B99B')
((78, 50, -25), '#FC9F61ADAF3C')
((78, 50, -20), '#FB466319A517')
((78, 50, -15), '#F9F5647E9B2A')
((78, 55, 5), '#FFD966A27497')
((78, 55, 10), '#FE8D67EB6BAD')
((78, 55, 15), '#FD48692E62F2')
((78, 55, 20), '#FC0A6A695A64')
((78, 55, 25), '#FAD26B9F5202')
((78, 55, 30), '#F9A06CCE49CB')
((78, 60, 50), '#FF056E7329A0')
((78, 60, 55), '#FDD86F8D222D')
((78, 60, 60), '#FCB070A21ADE')
((78, 60, 65), '#FB8D71B113B1')
((78, 60, 70), '#FA7072BC0CA7')
((78, 60, 75), '#F95873C205BD')
((77, 10, -60), '#9D846FD8FF68')
((77, 15, -60), '#A9E36C46FE54')
((77, 20, -60), '#B64268B4FD40')
((77, 25, -60), '#C2A06523FC2C')
((77, 30, -60), '#CEFF6191FB19')
((77, 35, -60), '#DB5D5DFFFA05')
((77, -45, -55), '#16B797F0FF46')
((77, -40, -55), '#22EF9469FE36')
((77, -35, -55), '#2F2890E2FD25')
((77, -30, -55), '#3B608D5CFC15')
((77, -25, -55), '#479989D5FB05')
((77, -20, -55), '#53D1864FF9F4')
((77, 50, -55), '#FEE654F1EB0E')
((77, 50, -50), '#FD5C568EDF9B')
((77, 50, -45), '#FBDC5822D46D')
((77, 50, -40), '#FA6459ACC981')
((77, 55, -15), '#FEAF5DA4958A')
((77, 55, -10), '#FD495F048C05')
((77, 55, -5), '#FBEA605D82B4')
((77, 55, 0), '#FA9261AF7996')
((77, 60, 20), '#FFD263B55615')
((77, 60, 25), '#FE8264ED4DE1')
((77, 60, 30), '#FD38661F45D7')
((77, 60, 35), '#FBF5674A3DF6')
((77, 60, 40), '#FAB86870363D')
((77, 60, 45), '#F98269902EAA')
((77, 65, 60), '#FF926A0D17F7')
((77, 65, 65), '#FE5B6B1F10F6')
((77, 65, 70), '#FD2A6C2B0A15')
((77, 65, 75), '#FBFF6D320355')
((76, 35, -65), '#D6CC58E7FFA6')
((76, 40, -65), '#E31B555AFE93')
((76, 45, -65), '#EF6A51CCFD81')
((76, 50, -65), '#FBB94E3FFC6E')
((76, -20, -60), '#4FEE8106FF6A')
((76, -15, -60), '#5C167D84FE5B')
((76, -10, -60), '#683E7A03FD4C')
((76, -5, -60), '#74667681FC3D')
((76, 0, -60), '#808E72FFFB2E')
((76, 5, -60), '#8CB56F7DFA1F')
((76, 50, -60), '#FA1D4FECF098')
((76, -50, -55), '#086896D7F9F5')
((76, 55, -40), '#FFA252E1C309')
((76, 55, -35), '#FE125466B88F')
((76, 55, -30), '#FC8C55E3AE54')
((76, 55, -25), '#FB0E5757A454')
((76, 55, -20), '#F99958C29A8E')
((76, 60, 0), '#FEAA5B1474A7')
((76, 60, 5), '#FD3F5C626BEA')
((76, 60, 10), '#FBDC5DA9635B')
((76, 60, 15), '#FA805EE85AFB')
((76, 65, 35), '#FF2D60D13A4D')
((76, 65, 40), '#FDDA61F932BF')
((76, 65, 45), '#FC8D631B2B58')
((76, 65, 50), '#FB4864382416')
((76, 65, 55), '#FA08654F1CF7')
((76, 70, 70), '#FF9E65CD079D')
((76, 70, 75), '#FE6066D60106')
((75, 5, -65), '#88996A65FFA5')
((75, 10, -65), '#94B166E7FE98')
((75, 15, -65), '#A0CA6369FD8A')
((75, 20, -65), '#ACE35FECFC7C')
((75, 25, -65), '#B8FC5C6EFB6F')
((75, 30, -65), '#C51558F1FA61')
((75, -50, -60), '#04FA9190FF50')
((75, -45, -60), '#10EB8E1DFE46')
((75, -40, -60), '#1CDD8AABFD3B')
((75, -35, -60), '#28CF8739FC31')
((75, -30, -60), '#34C183C6FB27')
((75, -25, -60), '#40B28054FA1D')
((75, 55, -60), '#FFCF4930E978')
((75, 55, -55), '#FE184AD8DE1E')
((75, 55, -50), '#FC6C4C75D30B')
((75, 55, -45), '#FACA4E08C83E')
((75, 60, -25), '#FF9E50CE9E92')
((75, 60, -20), '#FE0B523D94FD')
((75, 60, -15), '#FC8153A48B9F')
((75, 60, -10), '#FB0055048276')
((75, 60, -5), '#F987565B7982')
((75, 65, 10), '#FF7557475EE9')
((75, 65, 15), '#FE00588A56B6')
((75, 65, 20), '#FC9359C64EB0')
((75, 65, 25), '#FB2E5AFB46D4')
((75, 65, 30), '#F9D05C2A3F21')
((75, 70, 45), '#FF515CD92822')
((75, 70, 50), '#FDF65DF8210B')
((75, 70, 55), '#FCA25F101A17')
((75, 70, 60), '#FB5560241345')
((75, 70, 65), '#FA0E61320C95')
((74, 30, -70), '#C0CC5404FFFC')
((74, 35, -70), '#CCD7508AFEEF')
((74, 40, -70), '#D8E24D10FDE3')
((74, 45, -70), '#E4ED4997FCD6')
((74, 50, -70), '#F0F8461DFBCA')
((74, 55, -70), '#FD0342A4FABD')
((74, -25, -65), '#3D047B3EFF8A')
((74, -20, -65), '#48E877CFFE81')
((74, -15, -65), '#54CB7461FD78')
((74, -10, -65), '#60AE70F3FC6F')
((74, -5, -65), '#6C916D85FB66')
((74, 0, -65), '#78746A17FA5D')
((74, 55, -65), '#FB37445DEEFA')
((74, 60, -45), '#FFC34791C1D7')
((74, 60, -40), '#FE0A4920B77D')
((74, 60, -35), '#FC5B4AA5AD62')
((74, 60, -30), '#FAB74C21A385')
((74, 65, -10), '#FEEC4EBA7D65')
((74, 65, -5), '#FD585014749F')
((74, 65, 0), '#FBCD51686C0C')
((74, 65, 5), '#FA4A52B363A8')
((74, 70, 20), '#FFB1539D4AB6')
((74, 70, 25), '#FE3554D44306')
((74, 70, 30), '#FCC056063B80')
((74, 70, 35), '#FB5357313421')
((74, 70, 40), '#F9ED58562CE8')
((74, 75, 55), '#FEF759041750')
((74, 75, 60), '#FD975A1910A8')
((74, 75, 65), '#FC3D5B290A21')
((74, 75, 70), '#FAE95C3303BB')
((73, 0, -70), '#7494652DFFE0')
((73, 5, -70), '#806A61C3FED8')
((73, 10, -70), '#8C405E59FDD0')
((73, 15, -70), '#98165AEEFCC8')
((73, 20, -70), '#A3EC5784FBC0')
((73, 25, -70), '#AFC2541AFAB8')
((73, -45, -65), '#0B6184B7FD4B')
((73, -40, -65), '#170F8158FC47')
((73, -35, -65), '#22BD7DFAFB42')
((73, -30, -65), '#2E6B7A9BFA3E')
((73, 60, -60), '#FEC13FA6DCAA')
((73, 60, -55), '#FCE7414ED1AF')
((73, 60, -50), '#FB1942ECC6FB')
((73, 65, -30), '#FF0145EA9DD2')
((73, 65, -25), '#FD4847629460')
((73, 65, -20), '#FB9A48D08B27')
((73, 65, -15), '#F9F54A368224')
((73, 70, 0), '#FF394B576776')
((73, 70, 5), '#FD9D4CA55F40')
((73, 70, 10), '#FC0A4DED5739')
((73, 70, 15), '#FA7F4F2D4F5E')
((73, 75, 30), '#FF69501337FA')
((73, 75, 35), '#FDE6514030C7')
((73, 75, 40), '#FC6C526729B9')
((73, 75, 45), '#FAF8538822D0')
((73, 75, 50), '#F98D54A31C0B')
((73, 80, 60), '#FF9454400E24')
((73, 80, 65), '#FE28555107C6')
((73, 80, 70), '#FCC2565C0188')
((72, 30, -75), '#B7884BF0FF4D')
((72, 35, -75), '#C3524889FE47')
((72, 40, -75), '#CF1D4522FD40')
((72, 45, -75), '#DAE741BBFC39')
((72, 50, -75), '#E6B13E55FB32')
((72, 55, -75), '#F27C3AEEFA2B')
((72, 60, -75), '#FE463787F924')
((72, -30, -70), '#2AED75B5FFAA')
((72, -25, -70), '#368E725AFEA6')
((72, -20, -70), '#422F6EFFFDA3')
((72, -15, -70), '#4DD16BA4FCA0')
((72, -10, -70), '#59726849FB9D')
((72, -5, -70), '#651464EEFA99')
((72, 60, -70), '#FC46394EED6F')
((72, 60, -65), '#FA533B08E20A')
((72, 65, -50), '#FFD03CC5C0A7')
((72, 65, -45), '#FDEB3E5EB667')
((72, 65, -40), '#FC123FEDAC6A')
((72, 65, -35), '#FA454172A2AC')
((72, 70, -20), '#FF5E42D485F4')
((72, 70, -15), '#FD9D443E7D20')
((72, 70, -10), '#FBE6459F7481')
((72, 70, -5), '#FA3A46F86C15')
((72, 75, 10), '#FEFC4813531C')
((72, 75, 15), '#FD5949564B6D')
((72, 75, 20), '#FBC04A9243E9')
((72, 75, 25), '#FA304BC73C8F')
((72, 80, 40), '#FEA54CAA26A5')
((72, 80, 45), '#FD1E4DCD1FE6')
((72, 80, 50), '#FB9E4EEA194A')
((72, 80, 55), '#FA27500112D1')
((72, 85, 65), '#FFD14FA90583')
((71, 55, -80), '#EE5B3650FFE5')
((71, 60, -80), '#FA1B32ECFEDF')
((71, 0, -75), '#6D015CD9FF1D')
((71, 5, -75), '#78975981FE1B')
((71, 10, -75), '#842E562AFD19')
((71, 15, -75), '#8FC452D2FC16')
((71, 20, -75), '#9B5A4F7AFB14')
((71, 25, -75), '#A6F14C22FA12')
((71, -45, -70), '#06147BBBFC5E')
((71, -40, -70), '#1181786FFB5F')
((71, -35, -70), '#1CEF7522FA61')
((71, 65, -65), '#FF6134F2DB45')
((71, 65, -60), '#FD5636A8D05C')
((71, 65, -55), '#FB583852C5BE')
((71, 70, -35), '#FE4F3B8C9D09')
((71, 70, -30), '#FC6E3D0C93B7')
((71, 70, -25), '#FA993E828AA0')
((71, 75, -10), '#FF2A3FDC6FCA')
((71, 75, -5), '#FD634138678B')
((71, 75, 0), '#FBA6428D5F7D')
((71, 75, 5), '#F9F443D9579E')
((71, 80, 15), '#FFED43B0479A')
((71, 80, 20), '#FE3D44EF4041')
((71, 80, 25), '#FC9646263912')
((71, 80, 30), '#FAF94757320B')
((71, 80, 35), '#F96448812B2A')
((71, 85, 45), '#FF0048421D15')
((71, 85, 50), '#FD6E496016A3')
((71, 85, 55), '#FBE34A791052')
((71, 85, 60), '#FA604B8B0A22')
((70, 25, -80), '#A324478BFFB8')
((70, 30, -80), '#AEB14436FEB6')
((70, 35, -80), '#BA3E40E1FDB5')
((70, 40, -80), '#C5CB3D8CFCB3')
((70, 45, -80), '#D1583A37FBB2')
((70, 50, -80), '#DCE536E1FAB0')
((70, 65, -80), '#FF8C2CE2F7AC')
((70, -35, -75), '#199A706EFFD3')
((70, -30, -75), '#24FD6D24FED5')
((70, -25, -75), '#305F69DBFDD7')
((70, -20, -75), '#3BC26692FCD9')
((70, -15, -75), '#47256349FBDB')
((70, -10, -75), '#52886000FADD')
((70, -5, -75), '#5DEB5CB7F9E0')
((70, 65, -75), '#FD542EB8EBFE')
((70, 65, -70), '#FB2B3082E0A4')
((70, 70, -55), '#FFD23279BF7C')
((70, 70, -50), '#FDBF341DB554')
((70, 70, -45), '#FBBA35B6AB71')
((70, 70, -40), '#F9C23745A1CF')
((70, 75, -25), '#FE1D38D6857B')
((70, 75, -20), '#FC363A477CCA')
((70, 75, -15), '#FA5B3BAF744F')
((70, 80, 0), '#FE703D005B3F')
((70, 80, 5), '#FCA43E50538C')
((70, 80, 10), '#FAE43F984C06')
((70, 85, 25), '#FEB940B535B1')
((70, 85, 30), '#FD0641E82ED3')
((70, 85, 35), '#FB5D4314281C')
((70, 85, 40), '#F9BC4439218A')
((70, 90, 50), '#FEFB44061414')
((70, 90, 55), '#FD5E45200DEB')
((70, 90, 60), '#FBCA463407E3')
((70, 90, 65), '#FA3D474301FB')
((69, 55, -85), '#E4972F14FF78')
((69, 60, -85), '#F01C2BC1FE78')
((69, 65, -85), '#FBA2286EFD77')
((69, -5, -80), '#5A6B582AFF73')
((69, 0, -80), '#65C554E3FE76')
((69, 5, -80), '#711F519DFD79')
((69, 10, -80), '#7C7A4E56FC7C')
((69, 15, -80), '#87D44B10FB7F')
((69, 20, -80), '#932E47C9FA82')
((69, -45, -75), '#01007325FB88')
((69, -40, -75), '#0C306FEBFA8F')
((69, 70, -65), '#FDC12C7BCF1A')
((69, 70, -60), '#FB912E32C48D')
((69, 75, -45), '#FFA63019A5AF')
((69, 75, -40), '#FD8D31AD9C3C')
((69, 75, -35), '#FB8233369307')
((69, 75, -30), '#F98534B68A0E')
((69, 80, -20), '#FF5734CF77F2')
((69, 80, -15), '#FD60363B6FA4')
((69, 80, -10), '#FB75379E678A')
((69, 80, -5), '#F99738F85FA2')
((69, 85, 5), '#FF1038F64F97')
((69, 85, 10), '#FD383A41483C')
((69, 85, 15), '#FB6A3B84410D')
((69, 85, 20), '#F9A73CBF3A08')
((69, 90, 30), '#FED23CA82BB6')
((69, 90, 35), '#FD143DD62529')
((69, 90, 40), '#FB603EFD1EBF')
((69, 90, 45), '#F9B5401E1879')
((69, 95, 55), '#FE9A3FF60B9D')
((69, 95, 60), '#FCF4410C05BC')
((68, 25, -85), '#9AF34016FF3E')
((68, 30, -85), '#A6463CD2FE41')
((68, 35, -85), '#B199398DFD45')
((68, 40, -85), '#BCEC3648FC48')
((68, 45, -85), '#C8403304FB4C')
((68, 50, -85), '#D3932FBFFA4F')
((68, -35, -80), '#1426682EFF17')
((68, -30, -80), '#1F4E64F6FE1E')
((68, -25, -80), '#2A7661BEFD26')
((68, -20, -80), '#359E5E86FC2D')
((68, -15, -80), '#40C55B4EFB34')
((68, -10, -80), '#4BED5816FA3B')
((68, 70, -80), '#FE6C2496EAB0')
((68, 70, -75), '#FC0A2670DF5C')
((68, 70, -70), '#F9BA283CD45B')
((68, 75, -60), '#FFD228A4BE5E')
((68, 75, -55), '#FD8D2A56B449')
((68, 75, -50), '#FB582BFBAA7B')
((68, 80, -35), '#FEE82DD28DC2')
((68, 80, -30), '#FCCC2F5684F7')
((68, 80, -25), '#FABE30D07C66')
((68, 85, -10), '#FE1A325C632B')
((68, 85, -5), '#FC2233BA5B6F')
((68, 85, 0), '#FA36350F53E2')
((68, 90, 10), '#FF493519448E')
((68, 90, 15), '#FD65365E3D8A')
((68, 90, 20), '#FB8C379C36AF')
((68, 90, 25), '#F9BD38D32FFC')
((68, 95, 35), '#FE8B38C7224F')
((68, 95, 40), '#FCC339F01C0E')
((68, 95, 45), '#FB063B1215F0')
((68, 95, 50), '#F9513C2F0FF3')
((68, 100, 55), '#FF983AFA0966')
((68, 100, 60), '#FDE13C1103AC')
((67, 55, -90), '#DB542826FF37')
((67, 60, -90), '#E6A324E3FE3B')
((67, 65, -90), '#F1F121A0FD3F')
((67, 70, -90), '#FD401E5DFC42')
((67, -10, -85), '#489B53B5FFE5')
((67, -5, -85), '#53BD507EFEEC')
((67, 0, -85), '#5EDF4D48FDF4')
((67, 5, -85), '#6A014A12FCFC')
((67, 10, -85), '#752246DCFC04')
((67, 15, -85), '#804443A5FB0C')
((67, 20, -85), '#8B66406FFA14')
((67, 70, -85), '#FAB72051F062')
((67, -40, -80), '#071867CBF9DF')
((67, 75, -70), '#FE3422C1CDF0')
((67, 75, -65), '#FBCD2488C36E')
((67, 80, -50), '#FF0C26A8A4CB')
((67, 80, -45), '#FCC528489B6E')
((67, 80, -40), '#FA8D29DC9252')
((67, 85, -30), '#FFCE2A258000')
((67, 85, -25), '#FDA22BA4779C')
((67, 85, -20), '#FB852D186F6F')
((67, 85, -15), '#F9762E826777')
((67, 90, -5), '#FE6A2EAA5758')
((67, 90, 0), '#FC6530024FF7')
((67, 90, 5), '#FA6C315348C3')
((67, 95, 15), '#FF1F31673A22')
((67, 95, 20), '#FD3032A73370')
((67, 95, 25), '#FB4C33E02CE6')
((67, 95, 30), '#F97435122682')
((67, 100, 35), '#FFC333E51F8E')
((67, 100, 40), '#FDE835101975')
((67, 100, 45), '#FC183634137F')
((67, 100, 50), '#FA5237520DA9')
((67, 105, 60), '#FE91374301B3')
((66, 20, -90), '#880C3C29FFEA')
((66, 25, -90), '#932A38F3FEF2')
((66, 30, -90), '#9E4835BEFDFB')
((66, 35, -90), '#A9653289FD03')
((66, 40, -90), '#B4832F54FC0B')
((66, 45, -90), '#BFA12C1FFB13')
((66, 50, -90), '#CABE28EAFA1B')
((66, -40, -85), '#03FB6378FF7A')
((66, -35, -85), '#0EEB6050FE86')
((66, -30, -85), '#19DC5D28FD92')
((66, -25, -85), '#24CD5A00FC9E')
((66, -20, -85), '#2FBE56D8FBAA')
((66, -15, -85), '#3AAE53B0FAB6')
((66, 75, -85), '#FF9C1ADEE990')
((66, 75, -80), '#FCFB1CCBDE39')
((66, 75, -75), '#FA6F1EA9D33B')
((66, 80, -65), '#FFDB1F42BD53')
((66, 80, -60), '#FD602102B34C')
((66, 80, -55), '#FAF822B5A98E')
((66, 85, -40), '#FDBA24C28D1D')
((66, 85, -35), '#FB722650846D')
((66, 90, -20), '#FE0B281D6AEF')
((66, 90, -15), '#FBE0298C6323')
((66, 90, -10), '#F9C42AF15B8A')
((66, 95, 0), '#FE532B234C28')
((66, 95, 5), '#FC432C76451F')
((66, 95, 10), '#FA3F2DC13E41')
((66, 100, 20), '#FE952DE0304C')
((66, 100, 25), '#FC9C2F1A29EA')
((66, 100, 30), '#FAB0304E23AF')
((66, 105, 40), '#FED0305D16F5')
((66, 105, 45), '#FCEE31821126')
((66, 105, 50), '#FB1632A10B77')
((66, 105, 55), '#F94933BA05E8')
((65, 55, -95), '#D2952181FF2E')
((65, 60, -95), '#DDB11E4CFE36')
((65, 65, -95), '#E8CD1B17FD3E')
((65, 70, -95), '#F3E917E3FC47')
((65, 75, -95), '#FF0514AEFB4F')
((65, -10, -90), '#42714C52FF8D')
((65, -5, -90), '#4D5F492BFE9A')
((65, 0, -90), '#584C4604FDA6')
((65, 5, -90), '#633942DDFCB2')
((65, 10, -90), '#6E273FB6FBBF')
((65, 15, -90), '#79143C8EFACB')
((65, 75, -90), '#FC3616B8EF60')
((65, 80, -75), '#FEBA1974CCE6')
((65, 80, -70), '#FC181B4BC269')
((65, 85, -55), '#FE781DAAA3F0')
((65, 85, -50), '#FBFE1F569AA6')
((65, 85, -45), '#F99720F7919F')
((65, 90, -35), '#FE3D21687F84')
((65, 90, -30), '#FBE722F0773C')
((65, 90, -25), '#F9A1246E6F2C')
((65, 95, -15), '#FE0924C25EEC')
((65, 95, -10), '#FBD2262B577E')
((65, 95, -5), '#F9AA278A5040')
((65, 100, 5), '#FDDA27C74195')
((65, 100, 10), '#FBC029143AE1')
((65, 100, 15), '#F9B32A593457')
((65, 105, 20), '#FFBC29452D41')
((65, 105, 25), '#FDAF2A812708')
((65, 105, 30), '#FBAF2BB720F5')
((65, 105, 35), '#F9BA2CE51B05')
((65, 110, 40), '#FF7C2BD6148D')
((65, 110, 45), '#FD882CFD0EE4')
((65, 110, 50), '#FB9F2E1D095C')
((65, 110, 55), '#F9C12F3703F3')
((64, 20, -95), '#80DE3546FFD9')
((64, 25, -95), '#8BCB321FFEE5')
((64, 30, -95), '#96B72EF8FDF2')
((64, 35, -95), '#A1A42BD1FCFE')
((64, 40, -95), '#AC9028AAFC0B')
((64, 45, -95), '#B77D2583FB17')
((64, 50, -95), '#C269225CFA24')
((64, -35, -90), '#09E658D0FE2D')
((64, -30, -90), '#14A455B7FD3E')
((64, -25, -90), '#1F61529DFC4E')
((64, -20, -90), '#2A1F4F84FB5F')
((64, -15, -90), '#34DD4C6BFA6F')
((64, 80, -85), '#FE0E138ADD47')
((64, 80, -80), '#FB40157CD243')
((64, 85, -70), '#FFF8164ABC64')
((64, 85, -65), '#FD43181BB264')
((64, 85, -60), '#FAA319DDA8B1')
((64, 90, -50), '#FF191A7E9554')
((64, 90, -45), '#FC901C248C7A')
((64, 90, -40), '#FA191DBE83E0')
((64, 95, -30), '#FE531E3A729D')
((64, 95, -25), '#FBF01FBC6AB9')
((64, 95, -20), '#F99E2133630C')
((64, 100, -15), '#FFF220255AD3')
((64, 100, -10), '#FDA22191538F')
((64, 100, -5), '#FB6122F44C7B')
((64, 100, 0), '#F92F244D4596')
((64, 105, 5), '#FF3323433E27')
((64, 105, 10), '#FD022493379C')
((64, 105, 15), '#FAE025DA313A')
((64, 110, 25), '#FE862614243F')
((64, 110, 30), '#FC72274B1E53')
((64, 110, 35), '#FA6B287B188A')
((64, 115, 40), '#FFEE277B123D')
((64, 115, 45), '#FDE828A30CBA')
((64, 115, 50), '#FBEF29C40757')
((64, 115, 55), '#FA012ADF0213')
((63, 55, -100), '#CA5D1B1DFF6F')
((63, 60, -100), '#D54B17F6FE7B')
((63, 65, -100), '#E03A14CEFD88')
((63, 70, -100), '#EB2811A7FC94')
((63, 75, -100), '#F6160E7FFBA0')
((63, -10, -95), '#3C8F4545FF7A')
((63, -5, -95), '#474D422CFE8A')
((63, 0, -95), '#520B3F13FD9B')
((63, 5, -95), '#5CC83BF9FCAC')
((63, 10, -95), '#678638E0FBBC')
((63, 15, -95), '#724435C6FACD')
((63, 80, -95), '#FDE70D7CEEA4')
((63, 80, -90), '#FAE50F8DE304')
((63, 85, -80), '#FF63108ACC07')
((63, 85, -75), '#FC801275C187')
((63, 90, -60), '#FDF51517A325')
((63, 90, -55), '#FB4416D299E9')
((63, 95, -45), '#FF48177D8775')
((63, 95, -40), '#FCB1191C7F06')
((63, 95, -35), '#FA2D1AB076D6')
((63, 100, -25), '#FE001B366664')
((63, 100, -20), '#FB911CB15EE1')
((63, 105, -10), '#FF331D244FBC')
((63, 105, -5), '#FCD91E8948D2')
((63, 105, 0), '#FA901FE64216')
((63, 110, 10), '#FE08203E3471')
((63, 110, 15), '#FBD121872E37')
((63, 110, 20), '#F9A722C92825')
((63, 115, 25), '#FF2121D2218F')
((63, 115, 30), '#FCFB230B1BCA')
((63, 115, 35), '#FAE1243C1628')
((63, 120, 45), '#FE1024740AA7')
((63, 120, 50), '#FC0625960569')
((63, 120, 55), '#FA0826B2004A')
((62, 25, -100), '#84D52B93FF29')
((62, 30, -100), '#8F952879FE39')
((62, 35, -100), '#9A56255FFD4A')
((62, 40, -100), '#A5162245FC5A')
((62, 45, -100), '#AFD71F2AFB6A')
((62, 50, -100), '#BA971C10FA7B')
((62, 80, -100), '#FB1A0973F4DC')
((62, -35, -95), '#050F51ACFE1E')
((62, -30, -95), '#0F9F4E9FFD33')
((62, -25, -95), '#1A2F4B93FC47')
((62, -20, -95), '#24BE4887FB5C')
((62, -15, -95), '#2F4E457BFA70')
((62, 85, -90), '#FF550AA5DC94')
((62, 85, -85), '#FC3D0CAED181')
((62, 90, -70), '#FD430F99B199')
((62, 90, -65), '#FA67116DA7EC')
((62, 95, -55), '#FE32123E94A9')
((62, 95, -50), '#FB7313F28BDE')
((62, 100, -40), '#FF0B14A77A4B')
((62, 100, -35), '#FC67163F7245')
((62, 100, -30), '#F9D817CB6A7B')
((62, 105, -25), '#FFD116DB622C')
((62, 105, -20), '#FD47185A5AD3')
((62, 105, -15), '#FAD019CF53AE')
((62, 110, -5), '#FE151A4A4544')
((62, 110, 0), '#FBB41BA93EB0')
((62, 110, 5), '#F9631CFF3849')
((62, 115, 10), '#FED41C133160')
((62, 115, 15), '#FC871D5F2B4E')
((62, 115, 20), '#FA491EA32562')
((62, 120, 25), '#FF831DBB1EF8')
((62, 120, 30), '#FD4A1EF51958')
((62, 120, 35), '#FB1F202813DC')
((62, 120, 40), '#F90121540E81')
((62, 125, 45), '#FE00206E08AA')
((62, 125, 50), '#FBE621920391')
((61, 60, -105), '#CD7911D9FF20')
((61, 65, -105), '#D83F0EBDFE30')
((61, 70, -105), '#E3050BA2FD40')
((61, 75, -105), '#EDCB0886FC4F')
((61, 80, -105), '#F891056AFB5F')
((61, -10, -100), '#36F23E8BFFBF')
((61, -5, -100), '#41863B7DFED3')
((61, 0, -100), '#4C193870FDE7')
((61, 5, -100), '#56AC3563FCFC')
((61, 10, -100), '#61403256FC10')
((61, 15, -100), '#6BD32F49FB24')
((61, 20, -100), '#76662C3CFA38')
((61, 85, -100), '#FFE20490EE3F')
((61, 85, -95), '#FC8C06BEE281')
((61, 90, -80), '#FD1409FBC0D4')
((61, 90, -75), '#FA040BECB6A4')
((61, 95, -65), '#FD8F0CE8A273')
((61, 95, -60), '#FAA30EB4993E')
((61, 100, -50), '#FDFF0F8E86E9')
((61, 100, -45), '#FB33113B7E8C')
((61, 105, -35), '#FE6411F86DD3')
((61, 105, -30), '#FBB713896632')
((61, 110, -20), '#FEC1142E56E1')
((61, 110, -15), '#FC2F15A64FE5')
((61, 110, -10), '#F9AF1714491B')
((61, 115, -5), '#FF16163541D1')
((61, 115, 0), '#FC9E17973B65')
((61, 115, 5), '#FA3618EF3526')
((61, 120, 10), '#FF6518132E68')
((61, 120, 15), '#FD041961287D')
((61, 120, 20), '#FAB21AA722B9')
((61, 125, 25), '#FFAD19CD1C78')
((61, 125, 30), '#FD621B0916FF')
((61, 125, 35), '#FB261C3D11A8')
((61, 125, 40), '#F8F71D6A0C72')
((61, 130, 40), '#FFF11B670BD7')
((61, 130, 45), '#FDBA1C9206C3')
((61, 130, 50), '#FB911DB701CE')
((60, 25, -105), '#7E4B254BFFD4')
((60, 30, -105), '#88E5223CFEE8')
((60, 35, -105), '#937F1F2DFDFC')
((60, 40, -105), '#9E191C1EFD0F')
((60, 45, -105), '#A8B3190FFC23')
((60, 50, -105), '#B34D15FFFB37')
((60, 55, -105), '#BDE812F0FA4A')
((60, 85, -105), '#FD840096F4C0')
((60, -35, -100), '#00624ADFFE6E')
((60, -30, -100), '#0AC947DFFD86')
((60, -25, -100), '#153044DEFC9E')
((60, -20, -100), '#1F9741DEFBB6')
((60, -15, -100), '#29FE3EDEFACF')
((60, 90, -90), '#FD7A0434D103')
((60, 90, -85), '#FA2F0646C63C')
((60, 95, -75), '#FD710773B0F7')
((60, 95, -70), '#FA50095BA747')
((60, 100, -60), '#FD680A609411')
((60, 100, -55), '#FA6F0C258B50')
((60, 105, -45), '#FD610D0779E0')
((60, 105, -40), '#FA8B0EAD71ED')
((60, 110, -30), '#FD5A0F726207')
((60, 110, -25), '#FAA410FB5AC8')
((60, 115, -15), '#FD5411A74C39')
((60, 115, -10), '#FABB13184596')
((60, 120, -5), '#FFDD12493E78')
((60, 120, 0), '#FD4E13AE3835')
((60, 120, 5), '#FAD01509321D')
((60, 125, 10), '#FFBE143C2B8A')
((60, 125, 15), '#FD49158C25C5')
((60, 125, 20), '#FAE416D42027')
((60, 130, 25), '#FFA116081A10')
((60, 130, 30), '#FD44174614BC')
((60, 130, 35), '#FAF6187B0F8A')
((60, 135, 40), '#FF8617B209E1')
((60, 135, 45), '#FD3F18DF04F1')
((60, 135, 50), '#FB071A050020')
((59, 65, -110), '#D0E508DDFF52')
((59, 70, -110), '#DB8A05CBFE64')
((59, 75, -110), '#E62E02B9FD77')
((59, -5, -105), '#3C06351BFF8C')
((59, 0, -105), '#46753218FEA3')
((59, 5, -105), '#50E42F15FDBB')
((59, 10, -105), '#5B532C13FCD2')
((59, 15, -105), '#65C22910FBE9')
((59, 20, -105), '#7030260DFB01')
((59, 90, -95), '#FAFB006ED6E4')
((59, 95, -85), '#FDE901D6C05D')
((59, 95, -80), '#FA8C03DEB61E')
((59, 100, -70), '#FD570514A1E3')
((59, 100, -65), '#FA2906F498AF')
((59, 105, -60), '#FFF306368F03')
((59, 105, -55), '#FCD40801866C')
((59, 105, -50), '#F9CF09BE7E1B')
((59, 110, -45), '#FF5308FD7552')
((59, 110, -40), '#FC5D0AA86D89')
((59, 110, -35), '#F97D0C4565FD')
((59, 115, -30), '#FEC30B835DF8')
((59, 115, -25), '#FBF00D1156E2')
((59, 115, -20), '#F9330E945001')
((59, 120, -15), '#FE3F0DD248A7')
((59, 120, -10), '#FB8D0F46422D')
((59, 125, 0), '#FDC60FEE351E')
((59, 125, 5), '#FB32114C2F2C')
((59, 130, 10), '#FFE0108E28C4')
((59, 130, 15), '#FD5711E02326')
((59, 130, 20), '#FADF13291DAD')
((59, 135, 25), '#FF5E126C17BF')
((59, 135, 30), '#FCF013AB1290')
((59, 135, 35), '#FA9114E20D83')
((59, 140, 40), '#FEE714260801')
((59, 140, 45), '#FC9115540335')
((58, 35, -110), '#8D241934FF32')
((58, 40, -110), '#979E162EFE48')
((58, 45, -110), '#A2191328FD5E')
((58, 50, -110), '#AC931022FC75')
((58, 55, -110), '#B70E0D1CFB8B')
((58, 60, -110), '#C1880A16FAA2')
((58, -30, -105), '#061A4171FE53')
((58, -25, -105), '#105F3E7AFD6E')
((58, -20, -105), '#1AA33B84FC89')
((58, -15, -105), '#24E8388EFBA4')
((58, -10, -105), '#2F2C3597FABF')
((58, 100, -75), '#FA7201A0A6CD')
((58, 105, -65), '#FCCD02DE9395')
((58, 110, -55), '#FEFF040681A6')
((58, 110, -50), '#FBD605C9797F')
((58, 115, -40), '#FDF506CB6941')
((58, 115, -35), '#FAF7086E61DE')
((58, 120, -30), '#FFF307BE5A06')
((58, 120, -25), '#FD0409505317')
((58, 120, -20), '#FA2C0AD64C5E')
((58, 125, -15), '#FEF20A244530')
((58, 125, -10), '#FC280B9C3EDD')
((58, 125, -5), '#F9720D0938B9')
((58, 130, 0), '#FE070C573220')
((58, 130, 5), '#FB5E0DB72C55')
((58, 135, 10), '#FFCC0D072617')
((58, 135, 15), '#FD2F0E5B209E')
((58, 135, 20), '#FAA50FA61B4A')
((58, 140, 25), '#FEE80EF71585')
((58, 140, 30), '#FC681037107A')
((58, 140, 35), '#F9F911700B91')
((58, 145, 40), '#FE1510C10637')
((58, 145, 45), '#FBB111F0018E')
((57, 0, -110), '#411D2C04FFEE')
((57, 5, -110), '#4B6E290AFF08')
((57, 10, -110), '#55C02610FE22')
((57, 15, -110), '#60112316FD3C')
((57, 20, -110), '#6A62201CFC56')
((57, 25, -110), '#74B41D22FB70')
((57, 30, -110), '#7F051A28FA8A')
((57, 110, -60), '#FBD700CE8605')
((57, 115, -50), '#FDA501FC7500')
((57, 115, -45), '#FA7503B76D44')
((57, 120, -40), '#FF5603176517')
((57, 120, -35), '#FC3904BF5DDC')
((57, 125, -25), '#FDE005B64F69')
((57, 125, -20), '#FAED074048D7')
((57, 130, -15), '#FF6F069F41D4')
((57, 130, -10), '#FC8C081A3BA8')
((57, 130, -5), '#F9BF098A35AA')
((57, 135, 0), '#FE1308E62F3B')
((57, 135, 5), '#FB550A492996')
((57, 140, 10), '#FF8409A82381')
((57, 140, 15), '#FCD40AFE1E2D')
((57, 140, 20), '#FA370C4B18FF')
((57, 145, 25), '#FE3F0BA91361')
((57, 145, 30), '#FBAF0CEB0E7B')
((57, 145, 35), '#F9300E2409B5')
((57, 150, 35), '#FF960C4B0926')
((57, 150, 40), '#FD130D830482')
((56, 45, -115), '#9C100D6DFF41')
((56, 50, -115), '#A6730A6EFE59')
((56, 55, -115), '#B0D5076FFD72')
((56, 60, -115), '#BB380470FC8A')
((56, 65, -115), '#C59B0171FBA3')
((56, -30, -110), '#018C3B52FFB9')
((56, -25, -110), '#0BB53864FED7')
((56, -20, -110), '#15DE3575FDF4')
((56, -15, -110), '#20073287FD12')
((56, -10, -110), '#2A302F98FC2F')
((56, -5, -110), '#34592CAAFB4D')
((56, 120, -45), '#FBEB0017690B')
((56, 125, -35), '#FD44013659F6')
((56, 125, -30), '#FA2202D6531C')
((56, 130, -25), '#FE8702434BD5')
((56, 130, -20), '#FB7903D1456A')
((56, 135, -15), '#FFB603403E92')
((56, 135, -10), '#FCBB04BE388C')
((56, 135, -5), '#F9D7063132B4')
((56, 140, 0), '#FDEB059D2C6F')
((56, 140, 5), '#FB18070226F0')
((56, 145, 10), '#FF09066F2103')
((56, 145, 15), '#FC4607C71BD4')
((56, 145, 20), '#F997091616CA')
((56, 150, 25), '#FD6408811154')
((56, 150, 30), '#FAC409C50C91')
((56, 155, 35), '#FE7309320763')
((56, 155, 40), '#FBE00A6A02E1')
((55, 15, -115), '#5AC31D53FF44')
((55, 20, -115), '#64FF1A5FFE60')
((55, 25, -115), '#6F3B176BFD7C')
((55, 30, -115), '#79771477FC97')
((55, 35, -115), '#83B31183FBB3')
((55, 40, -115), '#8DEF0E8FFACF')
((55, 135, -20), '#FBD000894218')
((55, 140, -15), '#FFCA00073B69')
((55, 140, -10), '#FCB701893589')
((55, 140, -5), '#F9BC02FF2FD7')
((55, 145, 0), '#FD90027929BB')
((55, 145, 5), '#FAA803E12460')
((55, 150, 10), '#FE5D035C1E9C')
((55, 150, 15), '#FB8704B61991')
((55, 150, 20), '#F8C6060614AB')
((55, 155, 20), '#FF1D0432141E')
((55, 155, 25), '#FC59057F0F5C')
((55, 155, 30), '#F9A906C40ABC')
((55, 160, 30), '#FFD404FC0A32')
((55, 160, 35), '#FD20063E05B4')
((55, 160, 40), '#FA8007770154')
((54, -15, -115), '#1B552CC3FF44')
((54, -10, -115), '#256C29DAFE63')
((54, -5, -115), '#2F8226F1FD82')
((54, 0, -115), '#39982408FCA2')
((54, 5, -115), '#43AF211FFBC1')
((54, 10, -115), '#4DC51E36FAE0')
((54, 150, 5), '#FA0800E521E9')
((54, 155, 10), '#FD80006E1C4C')
((54, 155, 15), '#FA9801CA1765')
((54, 160, 20), '#FDF401531218')
((54, 160, 25), '#FB2002A20D79')
((54, 165, 30), '#FE63022B0876')
((54, 165, 35), '#FBA1036E0419')
((53, 30, -120), '#746E0EECFF8C')
((53, 35, -120), '#7E9E0BFBFEA9')
((53, 40, -120), '#88CF090BFDC6')
((53, 45, -120), '#9300061AFCE3')
((53, 50, -120), '#9D300329FC00')
((53, 55, -120), '#A7610039FB1D')
((53, -25, -115), '#057A304AFBCD')
((53, -20, -115), '#0F6C2D6BFAEF')
((53, 170, 35), '#F9F500C20293')
((52, 0, -120), '#34F71E89FFD4')
((52, 5, -120), '#3F051BA2FEF4')
((52, 10, -120), '#491318BBFE14')
((52, 15, -120), '#532115D5FD34')
((52, 20, -120), '#5D2F12EEFC54')
((52, 25, -120), '#673D1007FB74')
((51, -25, -120), '#01142AE2FF46')
((51, -20, -120), '#0B012805FE69')
((51, -15, -120), '#14EE2528FD8C')
((51, -10, -120), '#1EDB224BFCAE')
((51, -5, -120), '#28C71F6EFBD1')
((50, 25, -125), '#62FA0AABFFEF')
((50, 30, -125), '#6D0D07C2FF0F')
((50, 35, -125), '#772004DAFE2E')
((50, 40, -125), '#813301F2FD4E')
((49, 0, -125), '#2E7B1756FFD2')
((49, 5, -125), '#38711476FEF4')
((49, 10, -125), '#42671196FE16')
((49, 15, -125), '#4C5D0EB6FD38')
((49, 20, -125), '#56530BD7FC5A')
((48, -20, -125), '#050020E5FEF3')
((48, -15, -125), '#0EDB1E0DFE18')
((48, -10, -125), '#18B61B35FD3C')
((48, -5, -125), '#2290185DFC60')
((46, 20, -130), '#508704F0FF57')
((46, 25, -130), '#5A83020EFE79')
((45, 0, -130), '#26B70EC4FF59')
((45, 5, -130), '#30A10BE8FE7C')
((45, 10, -130), '#3A8A090CFD9F')
((45, 15, -130), '#44730630FCC2')
((44, -15, -130), '#075C15A2FEBB')
((44, -10, -130), '#113612CAFDE0')
((44, -5, -130), '#1B0F0FF3FD04')
