((0, 0, 0), '#000000000000')
((5, 0, -12), '#017500CD0766')
((5, 0, 0), '#016B016B016B')
((5, 12, 0), '#05B3002E010B')
((10, 0, -36), '#031100191DF2')
((10, 0, -24), '#02F701A10F0E')
((10, 0, -12), '#02EA02690779')
((10, 12, -12), '#085700D80701')
((10, 0, 0), '#02E202E202E2')
((10, 12, 0), '#073D01A00281')
((10, 24, 0), '#0B98005E0220')
((15, 0, -48), '#052001452803')
((15, 0, -36), '#050702C31984')
((15, 12, -36), '#0D27006B18CF')
((15, 0, -24), '#04F703B91030')
((15, 12, -24), '#0BA401CC0F9B')
((15, 0, -12), '#04EB046409AF')
((15, 12, -12), '#0A9602C20930')
((15, 24, -12), '#1040011F08B2')
((15, 0, 0), '#04E304E304E3')
((15, 12, 0), '#09CF03770475')
((15, 24, 0), '#0EBB020C0407')
((15, 36, 0), '#13A700A0039A')
((15, -12, 12), '#008306850195')
((15, 0, 12), '#04DC05440134')
((15, 12, 12), '#0936040300D3')
((15, 24, 12), '#0D9002C10072')
((15, 36, 12), '#11E901800011')
((20, 0, -72), '#082500414F7E')
((20, 0, -60), '#07FB02AF37E3')
((20, 0, -48), '#07DF045327F6')
((20, 12, -48), '#116A01922721')
((20, 0, -36), '#07CB05811C7E')
((20, 12, -36), '#100103231BC7')
((20, 24, -36), '#183600C51B10')
((20, -12, -24), '#008908791478')
((20, 0, -24), '#07BC066613D7')
((20, 12, -24), '#0EEF04521337')
((20, 24, -24), '#1623023E1296')
((20, 36, -24), '#1D56002A11F6')
((20, -12, -12), '#014708F10DA3')
((20, 0, -12), '#07B007180D15')
((20, 12, -12), '#0E1A053E0C86')
((20, 24, -12), '#148403640BF7')
((20, 36, -12), '#1AEE018B0B68')
((20, -12, 0), '#01DF09520828')
((20, 0, 0), '#07A707A707A7')
((20, 12, 0), '#0D6F05FC0726')
((20, 24, 0), '#1337045106A5')
((20, 36, 0), '#18FF02A60624')
((20, 48, 0), '#1EC700FB05A3')
((20, -12, 12), '#025C09A103A8')
((20, 0, 12), '#079F081C0333')
((20, 12, 12), '#0CE2069802BD')
((20, 24, 12), '#122505130248')
((20, 36, 12), '#1769038E01D3')
((20, 48, 12), '#1CAC0209015D')
((20, 60, 12), '#21EF008500E8')
((25, 0, -84), '#0BEC020065A3')
((25, 0, -72), '#0BC104864D26')
((25, 12, -72), '#18B800C84C05')
((25, -12, -60), '#005A09A53C04')
((25, 0, -60), '#0BA106633B08')
((25, 12, -60), '#16E803223A0D')
((25, -12, -48), '#018E0AB42DF5')
((25, 0, -48), '#0B8907D32D17')
((25, 12, -48), '#158304F22C38')
((25, 24, -48), '#1F7E02112B5A')
((25, -12, -36), '#02830B8C22CE')
((25, 0, -36), '#0B7508F72207')
((25, 12, -36), '#14680662213F')
((25, 24, -36), '#1D5B03CD2078')
((25, 36, -36), '#264E01381FB0')
((25, -12, -24), '#03490C3B19BE')
((25, 0, -24), '#0B6609E41909')
((25, 12, -24), '#1382078D1854')
((25, 24, -24), '#1B9E0535179F')
((25, 36, -24), '#23BB02DE16EA')
((25, 48, -24), '#2BD700871635')
((25, -12, -12), '#03EE0CCC123A')
((25, 0, -12), '#0B590AA81195')
((25, 12, -12), '#12C3088410EF')
((25, 24, -12), '#1A2E0661104A')
((25, 36, -12), '#2199043D0FA5')
((25, 48, -12), '#290302190EFF')
((25, -12, 0), '#04790D460BE6')
((25, 0, 0), '#0B4E0B4E0B4E')
((25, 12, 0), '#122309550AB5')
((25, 24, 0), '#18F8075C0A1D')
((25, 36, 0), '#1FCD05640985')
((25, 48, 0), '#26A2036B08EC')
((25, 60, 0), '#2D7701720854')
((25, -12, 12), '#04EF0DAF067F')
((25, 0, 12), '#0B440BDB05F1')
((25, 12, 12), '#11990A070564')
((25, 24, 12), '#17EF083304D7')
((25, 36, 12), '#1E440660044A')
((25, 48, 12), '#2499048C03BD')
((25, 60, 12), '#2AEE02B80330')
((25, 72, 12), '#314300E402A2')
((25, -12, 24), '#05550E0901D4')
((25, 0, 24), '#0B3C0C550150')
((25, 12, 24), '#11230AA100CD')
((25, 24, 24), '#170A08ED0049')
((30, 0, -108), '#10FD0088A5D6')
((30, 0, -96), '#10BF042582BC')
((30, -12, -84), '#01AE0B2D6978')
((30, 0, -84), '#109106E1682C')
((30, 12, -84), '#1F74029666E0')
((30, -12, -72), '#03270CDA5487')
((30, 0, -72), '#106D0906535F')
((30, 12, -72), '#1DB205315237')
((30, 24, -72), '#2AF8015D510F')
((30, -12, -60), '#04560E3343AF')
((30, 0, -60), '#104F0ABF42A4')
((30, 12, -60), '#1C49074A4199')
((30, 24, -60), '#284203D6408E')
((30, 36, -60), '#343B00613F83')
((30, -12, -48), '#054F0F4F35D7')
((30, 0, -48), '#10370C2934E4')
((30, 12, -48), '#1B1F090433F1')
((30, 24, -48), '#260805DE32FE')
((30, 36, -48), '#30F002B8320B')
((30, -12, -36), '#061F103C2A44')
((30, 0, -36), '#10230D582965')
((30, 12, -36), '#1A270A752885')
((30, 24, -36), '#242B079127A6')
((30, 36, -36), '#2E2E04AD26C7')
((30, 48, -36), '#383201C925E8')
((30, -12, -24), '#06D011052071')
((30, 0, -24), '#10120E5A1FA2')
((30, 12, -24), '#19540BAE1ED4')
((30, 24, -24), '#229609021E06')
((30, 36, -24), '#2BD706561D37')
((30, 48, -24), '#351903AB1C69')
((30, 60, -24), '#3E5B00FF1B9B')
((30, -12, -12), '#076811B217FF')
((30, 0, -12), '#10030F37173F')
((30, 12, -12), '#189F0CBB1680')
((30, 24, -12), '#213A0A3F15C0')
((30, 36, -12), '#29D507C41500')
((30, 48, -12), '#327005481440')
((30, 60, -12), '#3B0B02CC1380')
((30, 72, -12), '#43A6005112C0')
((30, -12, 0), '#07EC124910AA')
((30, 0, 0), '#0FF70FF70FF7')
((30, 12, 0), '#18010DA50F43')
((30, 24, 0), '#200B0B530E90')
((30, 36, 0), '#281609010DDD')
((30, 48, 0), '#302006AF0D2A')
((30, 60, 0), '#382B045D0C76')
((30, 72, 0), '#4035020B0BC3')
((30, -24, 12), '#00D514FA0AE4')
((30, -12, 12), '#086012CC0A3C')
((30, 0, 12), '#0FEC109F0994')
((30, 12, 12), '#17770E7208EC')
((30, 24, 12), '#1F020C440843')
((30, 36, 12), '#268E0A17079B')
((30, 48, 12), '#2E1907EA06F3')
((30, 60, 12), '#35A505BD064B')
((30, 72, 12), '#3D30038F05A3')
((30, 84, 12), '#44BC016204FB')
((30, -24, 24), '#01AB154E052C')
((30, -12, 24), '#08C61341048D')
((30, 0, 24), '#0FE2113403EF')
((30, 12, 24), '#16FD0F270350')
((30, 24, 24), '#1E180D1A02B2')
((30, 36, 24), '#25340B0D0214')
((30, 48, 24), '#2C4F09000175')
((30, 60, 24), '#336A06F300D7')
((30, 72, 24), '#3A8604E60038')
((30, -24, 36), '#026A15990014')
((35, -12, -120), '#01800938CD9D')
((35, 0, -120), '#17000304CBBE')
((35, -12, -108), '#03B40C50A87F')
((35, 0, -108), '#16BF06D1A6D7')
((35, 12, -108), '#29CB0152A52E')
((35, -12, -96), '#05740EC58AFD')
((35, 0, -96), '#168C09D68980')
((35, 12, -96), '#27A404E88803')
((35, -12, -84), '#06E110C572F8')
((35, 0, -84), '#16620C4C719E')
((35, 12, -84), '#25E307D37045')
((35, 24, -84), '#356403596EEB')
((35, -12, -72), '#0810126E5F08')
((35, 0, -72), '#163F0E565DCC')
((35, 12, -72), '#246F0A3E5C90')
((35, 24, -72), '#329E06275B54')
((35, 36, -72), '#40CE020F5A18')
((35, -12, -60), '#090F13D54E39')
((35, 0, -60), '#1622100F4D16')
((35, 12, -60), '#23350C494BF2')
((35, 24, -60), '#304808834ACF')
((35, 36, -60), '#3D5B04BE49AB')
((35, 48, -60), '#4A6E00F84888')
((35, -12, -48), '#09EA15073FDB')
((35, 0, -48), '#160911873ECD')
((35, 12, -48), '#22290E083DBF')
((35, 24, -48), '#2E480A883CB1')
((35, 36, -48), '#3A6807093BA2')
((35, 48, -48), '#468703893A94')
((35, 60, -48), '#52A7000A3986')
((35, -12, -36), '#0AA616103370')
((35, 0, -36), '#15F412CD3274')
((35, 12, -36), '#21410F8A3178')
((35, 24, -36), '#2C8E0C47307C')
((35, 36, -36), '#37DB09042F80')
((35, 48, -36), '#432905C22E84')
((35, 60, -36), '#4E76027F2D88')
((35, -24, -24), '#00B61A052984')
((35, -12, -24), '#0B4B16F72898')
((35, 0, -24), '#15E113E927AC')
((35, 12, -24), '#207610DB26C0')
((35, 24, -24), '#2B0C0DCD25D5')
((35, 36, -24), '#35A20AC024E9')
((35, 48, -24), '#403707B223FD')
((35, 60, -24), '#4ACD04A42311')
((35, 72, -24), '#556301962225')
((35, -24, -12), '#01E81AA21FEA')
((35, -12, -12), '#0BDC17C31F0C')
((35, 0, -12), '#15D014E31E2E')
((35, 12, -12), '#1FC412041D50')
((35, 24, -12), '#29B80F251C72')
((35, 36, -12), '#33AC0C461B94')
((35, 48, -12), '#3DA009671AB7')
((35, 60, -12), '#4794068719D9')
((35, 72, -12), '#518803A818FB')
((35, 84, -12), '#5B7C00C9181D')
((35, -24, 0), '#02F91B2D1764')
((35, -12, 0), '#0C5D18771693')
((35, 0, 0), '#15C115C115C1')
((35, 12, 0), '#1F26130C14F0')
((35, 24, 0), '#288A1056141F')
((35, 36, 0), '#31EF0DA0134D')
((35, 48, 0), '#3B530AEA127C')
((35, 60, 0), '#44B8083511AB')
((35, 72, 0), '#4E1C057F10D9')
((35, 84, 0), '#578002C91008')
((35, 96, 0), '#60E500130F36')
((35, -24, 12), '#03EC1BA90FC7')
((35, -12, 12), '#0CD019190F01')
((35, 0, 12), '#15B416880E3B')
((35, 12, 12), '#1E9913F70D75')
((35, 24, 12), '#277D11660CAE')
((35, 36, 12), '#30610ED50BE8')
((35, 48, 12), '#39450C450B22')
((35, 60, 12), '#422A09B40A5C')
((35, 72, 12), '#4B0E07230995')
((35, 84, 12), '#53F2049208CF')
((35, 96, 12), '#5CD602020809')
((35, -24, 24), '#04C61C1908EF')
((35, -12, 24), '#0D3719AA0833')
((35, 0, 24), '#15A8173A0777')
((35, 12, 24), '#1E1914CB06BB')
((35, 24, 24), '#268B125B05FF')
((35, 36, 24), '#2EFC0FEC0543')
((35, 48, 24), '#376D0D7C0486')
((35, 60, 24), '#3FDE0B0C03CA')
((35, 72, 24), '#484F089D030E')
((35, 84, 24), '#50C0062D0252')
((35, 96, 24), '#593103BE0196')
((35, 108, 24), '#61A2014E00D9')
((35, -24, 36), '#058C1C7E02C1')
((35, -12, 36), '#0D951A2D020D')
((35, 0, 36), '#159E17DB015A')
((35, 12, 36), '#1DA7158A00A7')
((40, -12, -132), '#068E0CE1FC12')
((40, 0, -132), '#1E500606FA01')
((40, -12, -120), '#0898104CD43A')
((40, 0, -120), '#1E0B0A1BD25C')
((40, 12, -120), '#337E03EBD07E')
((40, -12, -108), '#0A45131BB370')
((40, 0, -108), '#1DD20D77B1BC')
((40, 12, -108), '#315F07D3B008')
((40, 24, -108), '#44EC022FAE54')
((40, -12, -96), '#0BAC157697FB')
((40, 0, -96), '#1DA21047966B')
((40, 12, -96), '#2F980B1994DB')
((40, 24, -96), '#418E05EA934A')
((40, 36, -96), '#538300BB91BA')
((40, -12, -84), '#0CDD177680A8')
((40, 0, -84), '#1D7912AB7F36')
((40, 12, -84), '#2E150DE07DC4')
((40, 24, -84), '#3EB109157C52')
((40, 36, -84), '#4F4D044B7ADF')
((40, -12, -72), '#0DE4192E6C99')
((40, 0, -72), '#1D5714B96B40')
((40, 12, -72), '#2CC9104469E8')
((40, 24, -72), '#3C3C0BCF6890')
((40, 36, -72), '#4BAE075A6737')
((40, 48, -72), '#5B2002E565DF')
((40, -24, -60), '#00581ED75C6B')
((40, -12, -60), '#0EC81AAD5B29')
((40, 0, -60), '#1D38168359E7')
((40, 12, -60), '#2BA8125858A5')
((40, 24, -60), '#3A180E2E5763')
((40, 36, -60), '#48880A035621')
((40, 48, -60), '#56F805D954E0')
((40, 60, -60), '#656801AF539E')
((40, -24, -48), '#02031FE64D0B')
((40, -12, -48), '#0F901BFD4BDD')
((40, 0, -48), '#1D1E18144AAF')
((40, 12, -48), '#2AAB142B4981')
((40, 24, -48), '#383810424853')
((40, 36, -48), '#45C50C594724')
((40, 48, -48), '#5352087045F6')
((40, 60, -48), '#60DF048744C8')
((40, 72, -48), '#6E6C009E439A')
((40, -24, -36), '#037D20D53F72')
((40, -12, -36), '#10421D263E56')
((40, 0, -36), '#1D0619773D39')
((40, 12, -36), '#29CB15C83C1C')
((40, 24, -36), '#368F12193B00')
((40, 36, -36), '#43540E6939E3')
((40, 48, -36), '#50180ABA38C6')
((40, 60, -36), '#5CDD070B37AA')
((40, 72, -36), '#69A1035C368D')
((40, -24, -24), '#04CD21AA3356')
((40, -12, -24), '#10DF1E2E3249')
((40, 0, -24), '#1CF11AB3313C')
((40, 12, -24), '#29031737302F')
((40, 24, -24), '#351513BC2F22')
((40, 36, -24), '#412710402E15')
((40, 48, -24), '#4D380CC52D08')
((40, 60, -24), '#594A09492BFB')
((40, 72, -24), '#655C05CE2AEE')
((40, 84, -24), '#716E025229E1')
((40, -24, -12), '#05FB2269287B')
((40, -12, -12), '#116D1F1B277C')
((40, 0, -12), '#1CDE1BCE267D')
((40, 12, -12), '#28501881257E')
((40, 24, -12), '#33C21533247F')
((40, 36, -12), '#3F3311E62380')
((40, 48, -12), '#4AA50E992281')
((40, 60, -12), '#56170B4B2182')
((40, 72, -12), '#618807FE2082')
((40, 84, -12), '#6CFA04B11F83')
((40, 96, -12), '#786C01631E84')
((40, -24, 0), '#070B23151EB2')
((40, -12, 0), '#11EC1FF11DC0')
((40, 0, 0), '#1CCD1CCD1CCD')
((40, 12, 0), '#27AF19AA1BDB')
((40, 24, 0), '#329016861AE8')
((40, 36, 0), '#3D71136219F6')
((40, 48, 0), '#4853103F1903')
((40, 60, 0), '#53340D1B1811')
((40, 72, 0), '#5E1509F7171E')
((40, 84, 0), '#68F706D4162C')
((40, 96, 0), '#73D803B01539')
((40, 108, 0), '#7EB9008C1446')
((40, -24, 12), '#080123B115D5')
((40, -12, 12), '#125F20B314EE')
((40, 0, 12), '#1CBE1DB51406')
((40, 12, 12), '#271C1AB7131F')
((40, 24, 12), '#317B17B91238')
((40, 36, 12), '#3BDA14BB1151')
((40, 48, 12), '#463811BD106A')
((40, 60, 12), '#50970EBF0F83')
((40, 72, 12), '#5AF50BC10E9C')
((40, 84, 12), '#655408C30DB4')
((40, 96, 12), '#6FB205C50CCD')
((40, 108, 12), '#7A1102C70BE6')
((40, -24, 24), '#08E1243E0DC3')
((40, -12, 24), '#12C921630CE6')
((40, 0, 24), '#1CB01E870C09')
((40, 12, 24), '#26971BAC0B2C')
((40, 24, 24), '#307F18D00A50')
((40, 36, 24), '#3A6615F50973')
((40, 48, 24), '#444E13190896')
((40, 60, 24), '#4E35103D07B9')
((40, 72, 24), '#581D0D6206DC')
((40, 84, 24), '#62040A860600')
((40, 96, 24), '#6BEC07AB0523')
((40, 108, 24), '#75D304CF0446')
((40, 120, 24), '#7FBA01F40369')
((40, -36, 36), '#0033277C0735')
((40, -24, 36), '#09AE24C00662')
((40, -12, 36), '#13292204058F')
((40, 0, 36), '#1CA31F4804BB')
((40, 12, 36), '#261E1C8C03E8')
((40, 24, 36), '#2F9819D00315')
((40, 36, 36), '#391317130242')
((40, 48, 36), '#428E1457016E')
((40, 60, 36), '#4C08119B009B')
((40, -36, 48), '#015327D70068')
((45, -12, -120), '#10451842E36D')
((45, 0, -120), '#268311D7E17E')
((45, 12, -120), '#3CC10B6CDF8E')
((45, 24, -120), '#52FF0501DD9E')
((45, -12, -108), '#11AA1AFEC436')
((45, 0, -108), '#264D150AC26A')
((45, 12, -108), '#3AEF0F16C09E')
((45, 24, -108), '#4F910922BED2')
((45, 36, -108), '#6434032EBD06')
((45, -12, -96), '#12E01D5CA934')
((45, 0, -96), '#261E17CFA787')
((45, 12, -96), '#395C1242A5DA')
((45, 24, -96), '#4C9A0CB4A42D')
((45, 36, -96), '#5FD80727A280')
((45, 48, -96), '#73160199A0D3')
((45, -24, -84), '#01E724A1932D')
((45, -12, -84), '#13EE1F6E919B')
((45, 0, -84), '#25F51A3A900A')
((45, 12, -84), '#37FC15078E78')
((45, 24, -84), '#4A030FD38CE6')
((45, 36, -84), '#5C0A0A9F8B54')
((45, 48, -84), '#6E11056C89C2')
((45, 60, -84), '#801800388830')
((45, -24, -72), '#03E726257E4B')
((45, -12, -72), '#14DC21407CD1')
((45, 0, -72), '#25D11C5C7B57')
((45, 12, -72), '#36C5177779DD')
((45, 24, -72), '#47BA12937863')
((45, 36, -72), '#58AF0DAE76E9')
((45, 48, -72), '#69A408CA756F')
((45, 60, -72), '#7A9803E573F5')
((45, -24, -60), '#05AE277D6BC0')
((45, -12, -60), '#15AF22DE6A5B')
((45, 0, -60), '#25B01E4068F6')
((45, 12, -60), '#35B219A26792')
((45, 24, -60), '#45B31504662D')
((45, 36, -60), '#55B4106664C8')
((45, 48, -60), '#65B60BC76363')
((45, 60, -60), '#75B7072961FE')
((45, 72, -60), '#85B8028B609A')
((45, -24, -48), '#074428B05B2D')
((45, -12, -48), '#166C245159DB')
((45, 0, -48), '#25941FF1588A')
((45, 12, -48), '#34BB1B925738')
((45, 24, -48), '#43E3173255E6')
((45, 36, -48), '#530B12D35494')
((45, 48, -48), '#62330E735342')
((45, 60, -48), '#715A0A1451F0')
((45, 72, -48), '#808205B5509E')
((45, 84, -48), '#8FAA01554F4D')
((45, -24, -36), '#08B229C54C46')
((45, -12, -36), '#1716259E4B06')
((45, 0, -36), '#257A217749C5')
((45, 12, -36), '#33DE1D504884')
((45, 24, -36), '#424219294743')
((45, 36, -36), '#50A615024602')
((45, 48, -36), '#5F0A10DB44C2')
((45, 60, -36), '#6D6E0CB44381')
((45, 72, -36), '#7BD2088D4240')
((45, 84, -36), '#8A36046640FF')
((45, 96, -36), '#989B003F3FBE')
((45, -24, -24), '#09FC2ABE3ECE')
((45, -12, -24), '#17AF26CA3D9D')
((45, 0, -24), '#256222D73C6B')
((45, 12, -24), '#33161EE33B3A')
((45, 24, -24), '#40C91AEF3A08')
((45, 36, -24), '#4E7C16FB38D7')
((45, 48, -24), '#5C2F130737A6')
((45, 60, -24), '#69E30F133674')
((45, 72, -24), '#77960B1F3543')
((45, 84, -24), '#8549072B3411')
((45, 96, -24), '#92FC033732E0')
((45, -24, -12), '#0B282BA13291')
((45, -12, -12), '#183B27DC316E')
((45, 0, -12), '#254D2416304B')
((45, 12, -12), '#326020512F27')
((45, 24, -12), '#3F721C8B2E04')
((45, 36, -12), '#4C8518C52CE0')
((45, 48, -12), '#599815002BBD')
((45, 60, -12), '#66AA113A2A99')
((45, 72, -12), '#73BD0D752976')
((45, 84, -12), '#80CF09AF2853')
((45, 96, -12), '#8DE205E9272F')
((45, 108, -12), '#9AF40224260C')
((45, -24, 0), '#0C3A2C712767')
((45, -12, 0), '#18BA28D52651')
((45, 0, 0), '#253A253A253A')
((45, 12, 0), '#31BA219F2423')
((45, 24, 0), '#3E3A1E03230D')
((45, 36, 0), '#4ABA1A6821F6')
((45, 48, 0), '#573A16CD20DF')
((45, 60, 0), '#63BA13311FC9')
((45, 72, 0), '#703A0F961EB2')
((45, 84, 0), '#7CBA0BFB1D9B')
((45, 96, 0), '#893A085F1C85')
((45, 108, 0), '#95BA04C41B6E')
((45, 120, 0), '#A23A01291A57')
((45, -36, 12), '#013B30A31E38')
((45, -24, 12), '#0D352D2E1D2D')
((45, -12, 12), '#192E29BA1C22')
((45, 0, 12), '#252826451B17')
((45, 12, 12), '#312222D11A0C')
((45, 24, 12), '#3D1C1F5C1901')
((45, 36, 12), '#49151BE717F6')
((45, 48, 12), '#550F187316EB')
((45, 60, 12), '#610914FE15E0')
((45, 72, 12), '#6D02118A14D5')
((45, 84, 12), '#78FC0E1513CA')
((45, 96, 12), '#84F60AA112BF')
((45, 108, 12), '#90F0072C11B4')
((45, 120, 12), '#9CE903B710A9')
((45, 132, 12), '#A8E300430F9E')
((45, -36, 24), '#029D312E14C6')
((45, -24, 24), '#0E1B2DDD13C6')
((45, -12, 24), '#199A2A8C12C5')
((45, 0, 24), '#2518273B11C5')
((45, 12, 24), '#309623EA10C5')
((45, 24, 24), '#3C1420990FC5')
((45, 36, 24), '#47931D480EC4')
((45, 48, 24), '#531119F70DC4')
((45, 60, 24), '#5E8F16A60CC4')
((45, 72, 24), '#6A0D13550BC4')
((45, 84, 24), '#758C10040AC4')
((45, 96, 24), '#810A0CB309C3')
((45, 108, 24), '#8C88096208C3')
((45, 120, 24), '#9806061107C3')
((45, 132, 24), '#A38502C006C3')
((45, -36, 36), '#03E431AE0C0F')
((45, -24, 36), '#0EF02E7E0B19')
((45, -12, 36), '#19FD2B4E0A22')
((45, 0, 36), '#2509281D092C')
((45, 12, 36), '#301524ED0836')
((45, 24, 36), '#3B2221BD073F')
((45, 36, 36), '#462E1E8D0649')
((45, 48, 36), '#513A1B5D0553')
((45, 60, 36), '#5C47182D045D')
((45, 72, 36), '#675314FD0366')
((45, 84, 36), '#725F11CD0270')
((45, 96, 36), '#7D6C0E9D017A')
((45, 108, 36), '#88780B6D0083')
((45, -36, 48), '#0512322403FE')
((45, -24, 48), '#0FB52F130311')
((45, -12, 48), '#1A582C010224')
((45, 0, 48), '#24FB28EF0137')
((45, 12, 48), '#2F9E25DE004A')
((50, -24, -120), '#01782839FA58')
((50, -12, -120), '#18FD2170F84B')
((50, 0, -120), '#30831AA6F63F')
((50, 12, -120), '#480813DDF433')
((50, 24, -120), '#5F8E0D13F226')
((50, 36, -120), '#7714064AF01A')
((50, -24, -108), '#04222A92DB3C')
((50, -12, -108), '#1A372433D950')
((50, 0, -108), '#304D1DD4D763')
((50, 12, -108), '#46631774D577')
((50, 24, -108), '#5C781115D38B')
((50, 36, -108), '#728E0AB6D19E')
((50, 48, -108), '#88A40456CFB2')
((50, -24, -96), '#067D2CA6BFB6')
((50, -12, -96), '#1B4D26A5BDE6')
((50, 0, -96), '#301D20A3BC16')
((50, 12, -96), '#44ED1AA2BA46')
((50, 24, -96), '#59BD14A1B876')
((50, 36, -96), '#6E8E0E9FB6A6')
((50, 48, -96), '#835E089EB4D6')
((50, 60, -96), '#982E029DB306')
((50, -24, -84), '#08972E80A72E')
((50, -12, -84), '#1C4528D2A578')
((50, 0, -84), '#2FF32325A3C1')
((50, 12, -84), '#43A11D77A20A')
((50, 24, -84), '#574F17C9A054')
((50, 36, -84), '#6AFD121C9E9D')
((50, 48, -84), '#7EAB0C6E9CE6')
((50, 60, -84), '#925906C09B2F')
((50, 72, -84), '#A60701139979')
((50, -24, -72), '#0A7930299130')
((50, -12, -72), '#1D232AC78F90')
((50, 0, -72), '#2FCC25648DF0')
((50, 12, -72), '#427620018C50')
((50, 24, -72), '#55201A9F8AAF')
((50, 36, -72), '#67CA153C890F')
((50, 48, -72), '#7A740FDA876F')
((50, 60, -72), '#8D1E0A7785CF')
((50, 72, -72), '#9FC80514842F')
((50, -24, -60), '#0C2B31A87D5A')
((50, -12, -60), '#1DEB2C8A7BCE')
((50, 0, -60), '#2FAA276B7A43')
((50, 12, -60), '#4169224C78B7')
((50, 24, -60), '#53291D2D772B')
((50, 36, -60), '#64E8180E75A0')
((50, 48, -60), '#76A712EF7414')
((50, 60, -60), '#88670DD07289')
((50, 72, -60), '#9A2608B170FD')
((50, 84, -60), '#ABE503926F71')
((50, -24, -48), '#0DB533046B5F')
((50, -12, -48), '#1EA02E2269E6')
((50, 0, -48), '#2F8B2941686D')
((50, 12, -48), '#4076245F66F4')
((50, 24, -48), '#51601F7E657B')
((50, 36, -48), '#624B1A9C6402')
((50, 48, -48), '#733615BB6289')
((50, 60, -48), '#842010D96110')
((50, 72, -48), '#950B0BF75F96')
((50, 84, -48), '#A5F607165E1D')
((50, 96, -48), '#B6E002345CA4')
((50, -24, -36), '#0F1C34405B00')
((50, -12, -36), '#1F452F975998')
((50, 0, -36), '#2F6E2AED5830')
((50, 12, -36), '#3F98264356C8')
((50, 24, -36), '#4FC12199555F')
((50, 36, -36), '#5FEA1CF053F7')
((50, 48, -36), '#70131846528F')
((50, 60, -36), '#803C139C5127')
((50, 72, -36), '#90650EF34FBE')
((50, 84, -36), '#A08E0A494E56')
((50, 96, -36), '#B0B7059F4CEE')
((50, 108, -36), '#C0E000F64B86')
((50, -36, -24), '#00EC39D84D61')
((50, -24, -24), '#106435624C08')
((50, -12, -24), '#1FDC30EB4AAF')
((50, 0, -24), '#2F542C744956')
((50, 12, -24), '#3ECC27FE47FE')
((50, 24, -24), '#4E45238746A5')
((50, 36, -24), '#5DBD1F10454C')
((50, 48, -24), '#6D351A9A43F3')
((50, 60, -24), '#7CAD1623429A')
((50, 72, -24), '#8C2511AD4141')
((50, 84, -24), '#9B9D0D363FE9')
((50, 96, -24), '#AB1508BF3E90')
((50, 108, -24), '#BA8D04493D37')
((50, -36, -12), '#02BC3AB33F95')
((50, -24, -12), '#1192366B3E4A')
((50, -12, -12), '#206732233D00')
((50, 0, -12), '#2F3D2DDC3BB5')
((50, 12, -12), '#3E1229943A6A')
((50, 24, -12), '#4CE8254C3920')
((50, 36, -12), '#5BBD210437D5')
((50, 48, -12), '#6A931CBD368A')
((50, 60, -12), '#796818753540')
((50, 72, -12), '#883E142D33F5')
((50, 84, -12), '#97130FE632AA')
((50, 96, -12), '#A5E90B9E3160')
((50, 108, -12), '#B4BE07563015')
((50, 120, -12), '#C394030E2ECA')
((50, -36, 0), '#04673B7C32E0')
((50, -24, 0), '#12A7376031A2')
((50, -12, 0), '#20E733433064')
((50, 0, 0), '#2F272F272F27')
((50, 12, 0), '#3D662B0A2DE9')
((50, 24, 0), '#4BA626EE2CAB')
((50, 36, 0), '#59E622D12B6E')
((50, 48, 0), '#68261EB52A30')
((50, 60, 0), '#76661A9828F2')
((50, 72, 0), '#84A6167B27B5')
((50, 84, 0), '#92E5125F2677')
((50, 96, 0), '#A1250E422539')
((50, 108, 0), '#AF650A2623FC')
((50, 120, 0), '#BDA5060922BE')
((50, 132, 0), '#CBE501ED2181')
((50, -36, 12), '#05F23C362721')
((50, -24, 12), '#13A7384225EF')
((50, -12, 12), '#215D344D24BE')
((50, 0, 12), '#2F123059238C')
((50, 12, 12), '#3CC82C64225B')
((50, 24, 12), '#4A7D286F2129')
((50, 36, 12), '#5833247B1FF7')
((50, 48, 12), '#65E820861EC6')
((50, 60, 12), '#739E1C911D94')
((50, 72, 12), '#8153189D1C63')
((50, 84, 12), '#8F0914A81B31')
((50, 96, 12), '#9CBE10B419FF')
((50, 108, 12), '#AA740CBF18CE')
((50, 120, 12), '#B82908CA179C')
((50, 132, 12), '#C5DF04D6166B')
((50, 144, 12), '#D39400E11539')
((50, -36, 24), '#07603CE31C3E')
((50, -24, 24), '#149539131B18')
((50, -12, 24), '#21CA354419F1')
((50, 0, 24), '#2F00317418CB')
((50, 12, 24), '#3C352DA417A4')
((50, 24, 24), '#496A29D5167E')
((50, 36, 24), '#569F26051557')
((50, 48, 24), '#63D522361431')
((50, 60, 24), '#710A1E66130B')
((50, 72, 24), '#7E3F1A9611E4')
((50, 84, 24), '#8B7416C710BE')
((50, 96, 24), '#98A912F70F97')
((50, 108, 24), '#A5DF0F280E71')
((50, 120, 24), '#B3140B580D4A')
((50, 132, 24), '#C04907880C24')
((50, 144, 24), '#CD7E03B90AFD')
((50, -36, 36), '#08B43D831220')
((50, -24, 36), '#157239D61104')
((50, -12, 36), '#223036290FE7')
((50, 0, 36), '#2EEE327C0ECB')
((50, 12, 36), '#3BAC2ECE0DAF')
((50, 24, 36), '#486A2B210C93')
((50, 36, 36), '#552827740B77')
((50, 48, 36), '#61E623C70A5B')
((50, 60, 36), '#6EA4201A093F')
((50, 72, 36), '#7B621C6C0823')
((50, 84, 36), '#882018BF0707')
((50, 96, 36), '#94DE151205EB')
((50, 108, 36), '#A19C116504CF')
((50, 120, 36), '#AE5A0DB703B3')
((50, 132, 36), '#BB190A0A0297')
((50, 144, 36), '#C7D7065D017B')
((50, 156, 36), '#D49502B0005F')
((50, -36, 48), '#09F13E1908B2')
((50, -24, 48), '#16403A8C079F')
((50, -12, 48), '#228F36FE068D')
((50, 0, 48), '#2EDE3371057A')
((50, 12, 48), '#3B2D2FE40468')
((50, 24, 48), '#477C2C570356')
((50, 36, 48), '#53CB28CA0243')
((50, 48, 48), '#601A253D0131')
((50, 60, 48), '#6C6921AF001E')
((55, -24, -108), '#0C5435C3F42F')
((55, -12, -108), '#24222EE5F21C')
((55, 0, -108), '#3BF02807F00A')
((55, 12, -108), '#53BE2128EDF7')
((55, 24, -108), '#6B8C1A4AEBE4')
((55, 36, -108), '#835A136CE9D2')
((55, 48, -108), '#9B280C8DE7BF')
((55, 60, -108), '#B2F605AFE5AC')
((55, -24, -96), '#0E8737FBD7BA')
((55, -12, -96), '#25233175D5C2')
((55, 0, -96), '#3BBF2AEFD3CA')
((55, 12, -96), '#525B2469D1D2')
((55, 24, -96), '#68F61DE3CFDA')
((55, 36, -96), '#7F92175DCDE2')
((55, 48, -96), '#962E10D7CBEA')
((55, 60, -96), '#ACCA0A51C9F2')
((55, 72, -96), '#C36503CBC7FA')
((55, -24, -84), '#108439FDBDFF')
((55, -12, -84), '#260B33C7BC1F')
((55, 0, -84), '#3B922D91BA3F')
((55, 12, -84), '#5119275BB85F')
((55, 24, -84), '#66A02125B67F')
((55, 36, -84), '#7C271AEEB49F')
((55, 48, -84), '#91AE14B8B2BF')
((55, 60, -84), '#A7350E82B0E0')
((55, 72, -84), '#BCBB084CAF00')
((55, 84, -84), '#D2420216AD20')
((55, -24, -72), '#12533BD0A69D')
((55, -12, -72), '#26DE35E2A4D3')
((55, 0, -72), '#3B6A2FF5A309')
((55, 12, -72), '#4FF52A07A13F')
((55, 24, -72), '#6480241A9F75')
((55, 36, -72), '#790B1E2C9DAB')
((55, 48, -72), '#8D97183F9BE1')
((55, 60, -72), '#A22212519A17')
((55, 72, -72), '#B6AD0C64984D')
((55, 84, -72), '#CB3906769683')
((55, 96, -72), '#DFC4008994B9')
((55, -36, -60), '#0054432592FB')
((55, -24, -60), '#13F93D7A9145')
((55, -12, -60), '#279F37CE8F8F')
((55, 0, -60), '#3B4432238DD9')
((55, 12, -60), '#4EEA2C788C23')
((55, 24, -60), '#629026CD8A6D')
((55, 36, -60), '#7635212188B7')
((55, 48, -60), '#89DB1B768701')
((55, 60, -60), '#9D8115CB854B')
((55, 72, -60), '#B12610208395')
((55, 84, -60), '#C4CC0A7481DF')
((55, 96, -60), '#D87204C98029')
((55, -36, -48), '#02A9446E7F5B')
((55, -24, -48), '#157C3F007DB7')
((55, -12, -48), '#284F39917C13')
((55, 0, -48), '#3B2334237A70')
((55, 12, -48), '#4DF62EB478CC')
((55, 24, -48), '#60C929467728')
((55, 36, -48), '#739C23D77585')
((55, 48, -48), '#86701E6973E1')
((55, 60, -48), '#994318FA723D')
((55, 72, -48), '#AC16138C709A')
((55, 84, -48), '#BEE90E1D6EF6')
((55, 96, -48), '#D1BD08AF6D52')
((55, 108, -48), '#E49003406BAF')
((55, -36, -36), '#04CE459E6D4E')
((55, -24, -36), '#16E040676BBB')
((55, -12, -36), '#28F23B306A28')
((55, 0, -36), '#3B0335FA6895')
((55, 12, -36), '#4D1530C36702')
((55, 24, -36), '#5F272B8C6570')
((55, 36, -36), '#7139265563DD')
((55, 48, -36), '#834A211F624A')
((55, 60, -36), '#955C1BE860B7')
((55, 72, -36), '#A76E16B15F24')
((55, 84, -36), '#B97F117B5D91')
((55, 96, -36), '#CB910C445BFF')
((55, 108, -36), '#DDA3070D5A6C')
((55, 120, -36), '#EFB501D758D9')
((55, -36, -24), '#06C946B55CA5')
((55, -24, -24), '#182841B25B22')
((55, -12, -24), '#29873CAF599F')
((55, 0, -24), '#3AE737AC581B')
((55, 12, -24), '#4C4632A95698')
((55, 24, -24), '#5DA52DA55515')
((55, 36, -24), '#6F0428A25392')
((55, 48, -24), '#8063239F520E')
((55, 60, -24), '#91C21E9C508B')
((55, 72, -24), '#A32119994F08')
((55, 84, -24), '#B48114964D85')
((55, 96, -24), '#C5E00F924C01')
((55, 108, -24), '#D73F0A8F4A7E')
((55, 120, -24), '#E89E058C48FB')
((55, 132, -24), '#F9FD00894778')
((55, -36, -12), '#089E47B84D3A')
((55, -24, -12), '#195842E54BC5')
((55, -12, -12), '#2A123E114A50')
((55, 0, -12), '#3ACC393E48DB')
((55, 12, -12), '#4B86346A4767')
((55, 24, -12), '#5C402F9745F2')
((55, 36, -12), '#6CF92AC3447D')
((55, 48, -12), '#7DB325F04308')
((55, 60, -12), '#8E6D211C4193')
((55, 72, -12), '#9F271C49401E')
((55, 84, -12), '#AFE117763EA9')
((55, 96, -12), '#C09B12A23D34')
((55, 108, -12), '#D1550DCF3BC0')
((55, 120, -12), '#E20F08FB3A4B')
((55, 132, -12), '#F2C8042838D6')
((55, -36, 0), '#0A5248A93EEA')
((55, -24, 0), '#1A7244013D82')
((55, -12, 0), '#2A933F5A3C1B')
((55, 0, 0), '#3AB33AB33AB3')
((55, 12, 0), '#4AD3360C394C')
((55, 24, 0), '#5AF4316537E4')
((55, 36, 0), '#6B142CBD367D')
((55, 48, 0), '#7B3528163515')
((55, 60, 0), '#8B55236F33AE')
((55, 72, 0), '#9B761EC83246')
((55, 84, 0), '#AB961A2130DF')
((55, 96, 0), '#BBB615792F77')
((55, 108, 0), '#CBD710D22E10')
((55, 120, 0), '#DBF70C2B2CA8')
((55, 132, 0), '#EC1807842B41')
((55, 144, 0), '#FC3802DD29D9')
((55, -36, 12), '#0BE749883197')
((55, -24, 12), '#1B79450A303C')
((55, -12, 12), '#2B0A408C2EE1')
((55, 0, 12), '#3A9C3C0E2D86')
((55, 12, 12), '#4A2E37902C2B')
((55, 24, 12), '#59BF33122ACF')
((55, 36, 12), '#69512E942974')
((55, 48, 12), '#78E22A172819')
((55, 60, 12), '#8874259926BE')
((55, 72, 12), '#9806211B2563')
((55, 84, 12), '#A7971C9D2408')
((55, 96, 12), '#B729181F22AD')
((55, 108, 12), '#C6BA13A12152')
((55, 120, 12), '#D64C0F231FF7')
((55, 132, 12), '#E5DD0AA51E9C')
((55, 144, 12), '#F56F06271D41')
((55, -36, 24), '#0D624A592528')
((55, -24, 24), '#1C6E460223D9')
((55, -12, 24), '#2B7A41AA2289')
((55, 0, 24), '#3A873D53213A')
((55, 12, 24), '#499338FB1FEA')
((55, 24, 24), '#589F34A41E9B')
((55, 36, 24), '#67AB304C1D4B')
((55, 48, 24), '#76B82BF41BFC')
((55, 60, 24), '#85C4279D1AAC')
((55, 72, 24), '#94D02345195D')
((55, 84, 24), '#A3DD1EEE180D')
((55, 96, 24), '#B2E91A9616BE')
((55, 108, 24), '#C1F5163F156F')
((55, 120, 24), '#D10211E7141F')
((55, 132, 24), '#E00E0D9012D0')
((55, 144, 24), '#EF1A09381180')
((55, 156, 24), '#FE2704E11031')
((55, -48, 36), '#00344F501ACC')
((55, -36, 36), '#0EC34B1C1987')
((55, -24, 36), '#1D5346E91843')
((55, -12, 36), '#2BE342B516FE')
((55, 0, 36), '#3A723E8215BA')
((55, 12, 36), '#49023A4E1475')
((55, 24, 36), '#5792361B1330')
((55, 36, 36), '#662131E711EC')
((55, 48, 36), '#74B12DB410A7')
((55, 60, 36), '#834129800F62')
((55, 72, 36), '#91D0254C0E1E')
((55, 84, 36), '#A06021190CD9')
((55, 96, 36), '#AEF01CE50B95')
((55, 108, 36), '#BD7F18B20A50')
((55, 120, 36), '#CC0F147E090B')
((55, 132, 36), '#DA9F104B07C7')
((55, 144, 36), '#E92E0C170682')
((55, 156, 36), '#F7BE07E3053E')
((55, -48, 48), '#01F44FE50FDC')
((55, -36, 48), '#100F4BD40EA1')
((55, -24, 48), '#1E2A47C20D67')
((55, -12, 48), '#2C4543B00C2C')
((55, 0, 48), '#3A603F9E0AF2')
((55, 12, 48), '#487A3B8C09B7')
((55, 24, 48), '#5695377A087D')
((55, 36, 48), '#64B033680743')
((55, 48, 48), '#72CB2F570608')
((55, 60, 48), '#80E62B4504CE')
((55, 72, 48), '#8F0027330393')
((55, 84, 48), '#9D1B23210259')
((55, 96, 48), '#AB361F0F011E')
((55, -48, 60), '#039A50720596')
((55, -36, 60), '#11474C7F0465')
((55, -24, 60), '#1EF4488D0334')
((55, -12, 60), '#2CA1449B0203')
((55, 0, 60), '#3A4E40A900D2')
((60, 72, -108), '#E3C9073DFEA4')
((60, -24, -96), '#17F1450AF2D1')
((60, -12, -96), '#308A3DF1F0AD')
((60, 0, -96), '#492236D8EE89')
((60, 12, -96), '#61BA2FC0EC65')
((60, 24, -96), '#7A5228A7EA40')
((60, 36, -96), '#92EA218EE81C')
((60, 48, -96), '#AB831A76E5F8')
((60, 60, -96), '#C41B135DE3D4')
((60, 72, -96), '#DCB30C44E1AF')
((60, 84, -96), '#F54B052CDF8B')
((60, -36, -84), '#02504E03D9A7')
((60, -24, -84), '#19DB4737D79A')
((60, -12, -84), '#3167406CD58D')
((60, 0, -84), '#48F339A1D380')
((60, 12, -84), '#607E32D6D173')
((60, 24, -84), '#780A2C0BCF66')
((60, 36, -84), '#8F95253FCD59')
((60, 48, -84), '#A7211E74CB4D')
((60, 60, -84), '#BEAD17A9C940')
((60, 72, -84), '#D63810DEC733')
((60, 84, -84), '#EDC40A13C526')
((60, -36, -72), '#05084FBBC094')
((60, -24, -72), '#1B9D4937BE9D')
((60, -12, -72), '#323242B3BCA5')
((60, 0, -72), '#48C73C2FBAAE')
((60, 12, -72), '#5F5C35ABB8B6')
((60, 24, -72), '#75F12F27B6BF')
((60, 36, -72), '#8C8628A3B4C8')
((60, 48, -72), '#A31B221FB2D0')
((60, 60, -72), '#B9B01B9BB0D9')
((60, 72, -72), '#D0451517AEE1')
((60, 84, -72), '#E6DA0E93ACEA')
((60, 96, -72), '#FD6F080FAAF2')
((60, -36, -60), '#078A5152A97A')
((60, -24, -60), '#1D3C4B0FA796')
((60, -12, -60), '#32ED44CDA5B2')
((60, 0, -60), '#489F3E8AA3CF')
((60, 12, -60), '#5E513848A1EB')
((60, 24, -60), '#74033205A008')
((60, 36, -60), '#89B42BC39E24')
((60, 48, -60), '#9F6625809C40')
((60, 60, -60), '#B5181F3E9A5D')
((60, 72, -60), '#CACA18FB9879')
((60, 84, -60), '#E07B12B99696')
((60, 96, -60), '#F62D0C7794B2')
((60, -36, -48), '#09DB52C9941F')
((60, -24, -48), '#1EBB4CC3924E')
((60, -12, -48), '#339B46BD907C')
((60, 0, -48), '#487A40B88EAB')
((60, 12, -48), '#5D5A3AB28CDA')
((60, 24, -48), '#723A34AC8B08')
((60, 36, -48), '#87192EA68937')
((60, 48, -48), '#9BF928A08766')
((60, 60, -48), '#B0D9229A8594')
((60, 72, -48), '#C5B81C9483C3')
((60, 84, -48), '#DA98168F81F2')
((60, 96, -48), '#EF7810898020')
((60, -36, -36), '#0C0154258052')
((60, -24, -36), '#201E4E587E92')
((60, -12, -36), '#343B488A7CD2')
((60, 0, -36), '#485842BC7B11')
((60, 12, -36), '#5C753CEF7951')
((60, 24, -36), '#709237217791')
((60, 36, -36), '#84AF315375D0')
((60, 48, -36), '#98CC2B867410')
((60, 60, -36), '#ACE925B8724F')
((60, 72, -36), '#C1061FEA708F')
((60, 84, -36), '#D5231A1D6ECF')
((60, 96, -36), '#E940144F6D0E')
((60, 108, -36), '#FD5D0E816B4E')
((60, -36, -24), '#0E0055696DEA')
((60, -24, -24), '#21684FCF6C3A')
((60, -12, -24), '#34D04A366A89')
((60, 0, -24), '#4838449D68D9')
((60, 12, -24), '#5BA03F036728')
((60, 24, -24), '#6F08396A6577')
((60, 36, -24), '#827033D063C7')
((60, 48, -24), '#95D82E376216')
((60, 60, -24), '#A940289D6066')
((60, 72, -24), '#BCA823045EB5')
((60, 84, -24), '#D0101D6B5D04')
((60, 96, -24), '#E37717D15B54')
((60, 108, -24), '#F6DF123859A3')
((60, -36, -12), '#0FDD56975CC3')
((60, -24, -12), '#229C512E5B21')
((60, -12, -12), '#355B4BC5597F')
((60, 0, -12), '#481A465C57DD')
((60, 12, -12), '#5ADA40F4563B')
((60, 24, -12), '#6D993B8B5499')
((60, 36, -12), '#8058362252F7')
((60, 48, -12), '#931730B95155')
((60, 60, -12), '#A5D62B514FB3')
((60, 72, -12), '#B89525E84E11')
((60, 84, -12), '#CB55207F4C6F')
((60, 96, -12), '#DE141B164ACE')
((60, 108, -12), '#F0D315AE492C')
((60, -36, 0), '#119A57B04CBB')
((60, -24, 0), '#23BC52754B27')
((60, -12, 0), '#35DD4D3A4993')
((60, 0, 0), '#47FF47FF47FF')
((60, 12, 0), '#5A2042C3466A')
((60, 24, 0), '#6C423D8844D6')
((60, 36, 0), '#7E63384D4342')
((60, 48, 0), '#9085331241AE')
((60, 60, 0), '#A2A62DD6401A')
((60, 72, 0), '#B4C8289B3E86')
((60, 84, 0), '#C6E923603CF1')
((60, 96, 0), '#D90B1E253B5D')
((60, 108, 0), '#EB2C18E939C9')
((60, 120, 0), '#FD4E13AE3835')
((60, -48, 12), '#01AD5DC93F40')
((60, -36, 12), '#133B58B83DB9')
((60, -24, 12), '#24C953A83C32')
((60, -12, 12), '#36574E973AAA')
((60, 0, 12), '#47E549863923')
((60, 12, 12), '#59734476379C')
((60, 24, 12), '#6B003F653614')
((60, 36, 12), '#7C8E3A54348D')
((60, 48, 12), '#8E1C35443306')
((60, 60, 12), '#9FAA3033317E')
((60, 72, 12), '#B1382B222FF7')
((60, 84, 12), '#C2C626122E70')
((60, 96, 12), '#D45421012CE8')
((60, 108, 12), '#E5E21BF02B61')
((60, 120, 12), '#F77016E029DA')
((60, -48, 24), '#03BF5E99311F')
((60, -36, 24), '#14C259B02FA3')
((60, -24, 24), '#25C654C72E28')
((60, -12, 24), '#36C94FDF2CAD')
((60, 0, 24), '#47CC4AF62B32')
((60, 12, 24), '#58D0460D29B6')
((60, 24, 24), '#69D34124283B')
((60, 36, 24), '#7AD63C3C26C0')
((60, 48, 24), '#8BDA37532545')
((60, 60, 24), '#9CDD326A23C9')
((60, 72, 24), '#ADE02D82224E')
((60, 84, 24), '#BEE4289920D3')
((60, 96, 24), '#CFE723B01F58')
((60, 108, 24), '#E0EB1EC81DDC')
((60, 120, 24), '#F1EE19DF1C61')
((60, -48, 36), '#05B15F5C23D6')
((60, -36, 36), '#16325A992266')
((60, -24, 36), '#26B355D620F6')
((60, -12, 36), '#373451131F86')
((60, 0, 36), '#47B54C4F1E16')
((60, 12, 36), '#5836478C1CA6')
((60, 24, 36), '#68B842C91B36')
((60, 36, 36), '#79393E0619C6')
((60, 48, 36), '#89BA39431856')
((60, 60, 36), '#9A3B348016E6')
((60, 72, 36), '#AABC2FBD1576')
((60, 84, 36), '#BB3D2AFA1406')
((60, 96, 36), '#CBBE26371296')
((60, 108, 36), '#DC4021731127')
((60, 120, 36), '#ECC11CB00FB7')
((60, 132, 36), '#FD4217ED0E47')
((60, -48, 48), '#078660141752')
((60, -36, 48), '#178C5B7415ED')
((60, -24, 48), '#279356D41487')
((60, -12, 48), '#379952351322')
((60, 0, 48), '#47A04D9511BD')
((60, 12, 48), '#57A648F51058')
((60, 24, 48), '#67AD44560EF2')
((60, 36, 48), '#77B33FB60D8D')
((60, 48, 48), '#87BA3B160C28')
((60, 60, 48), '#97C036760AC3')
((60, 72, 48), '#A7C631D7095D')
((60, 84, 48), '#B7CD2D3707F8')
((60, 96, 48), '#C7D328970693')
((60, 108, 48), '#D7DA23F8052E')
((60, 120, 48), '#E7E01F5803C9')
((60, 132, 48), '#F7E71AB80263')
((60, -48, 60), '#094160C10B83')
((60, -36, 60), '#18D35C430A28')
((60, -24, 60), '#286657C508CD')
((60, -12, 60), '#37F953460772')
((60, 0, 60), '#478B4EC80616')
((60, 12, 60), '#571E4A4A04BB')
((60, 24, 60), '#66B145CB0360')
((60, 36, 60), '#7643414D0205')
((60, 48, 60), '#85D63CCF00AA')
((60, -48, 72), '#0AE36165005A')
((65, 72, -96), '#F8E71632FE53')
((65, -36, -84), '#0B095DBBF647')
((65, -24, -84), '#24C2564FF40A')
((65, -12, -84), '#3E7B4EE3F1CC')
((65, 0, -84), '#58334777EF8F')
((65, 12, -84), '#71EC400BED51')
((65, 24, -84), '#8BA5389FEB14')
((65, 36, -84), '#A55D3134E8D7')
((65, 48, -84), '#BF1629C8E699')
((65, 60, -84), '#D8CF225CE45C')
((65, 72, -84), '#F2871AF0E21F')
((65, -36, -72), '#0DB75FA5DB6A')
((65, -24, -72), '#267C5880D942')
((65, -12, -72), '#3F40515AD71A')
((65, 0, -72), '#58054A35D4F2')
((65, 12, -72), '#70C9430FD2CA')
((65, 24, -72), '#898E3BEAD0A2')
((65, 36, -72), '#A25334C4CE79')
((65, 48, -72), '#BB172D9FCC51')
((65, 60, -72), '#D3DC2679CA29')
((65, 72, -72), '#ECA01F54C801')
((65, -36, -60), '#1034616DC279')
((65, -24, -60), '#28165A89C065')
((65, -12, -60), '#3FF853A4BE50')
((65, 0, -60), '#57DA4CC0BC3C')
((65, 12, -60), '#6FBC45DCBA27')
((65, 24, -60), '#879D3EF8B813')
((65, 36, -60), '#9F7F3814B5FF')
((65, 48, -60), '#B7613130B3EA')
((65, 60, -60), '#CF432A4CB1D6')
((65, 72, -60), '#E7252368AFC2')
((65, 84, -60), '#FF071C84ADAD')
((65, -36, -48), '#12846314AB41')
((65, -24, -48), '#29935C6DA93F')
((65, -12, -48), '#40A255C6A73D')
((65, 0, -48), '#57B14F1FA53B')
((65, 12, -48), '#6EC04878A339')
((65, 24, -48), '#85CF41D0A136')
((65, 36, -48), '#9CDE3B299F34')
((65, 48, -48), '#B3ED34829D32')
((65, 60, -48), '#CAFC2DDB9B30')
((65, 72, -48), '#E20B2733992E')
((65, 84, -48), '#F91A208C972C')
((65, -36, -36), '#14AE64A09595')
((65, -24, -36), '#2AF85E3293A4')
((65, -12, -36), '#414257C391B3')
((65, 0, -36), '#578C51558FC2')
((65, 12, -36), '#6DD64AE68DD1')
((65, 24, -36), '#842044788BE0')
((65, 36, -36), '#9A6A3E0A89EF')
((65, 48, -36), '#B0B4379B87FF')
((65, 60, -36), '#C6FE312D860E')
((65, 72, -36), '#DD482ABE841D')
((65, 84, -36), '#F3922450822C')
((65, -48, -24), '#01216C4B8330')
((65, -36, -24), '#16B36612814F')
((65, -24, -24), '#2C455FD97F6E')
((65, -12, -24), '#41D7599F7D8D')
((65, 0, -24), '#576953667BAD')
((65, 12, -24), '#6CFB4D2D79CC')
((65, 24, -24), '#828C46F477EB')
((65, 36, -24), '#981E40BA760A')
((65, 48, -24), '#ADB03A817429')
((65, 60, -24), '#C34234487248')
((65, 72, -24), '#D8D42E0F7067')
((65, 84, -24), '#EE6627D56E87')
((65, -48, -12), '#03B36D747020')
((65, -36, -12), '#1898676D6E4E')
((65, -24, -12), '#2D7D61656C7C')
((65, -12, -12), '#42635B5E6AAA')
((65, 0, -12), '#5748555768D9')
((65, 12, -12), '#6C2D4F4F6707')
((65, 24, -12), '#811249486535')
((65, 36, -12), '#95F743406363')
((65, 48, -12), '#AADC3D396191')
((65, 60, -12), '#BFC237315FBF')
((65, 72, -12), '#D4A7312A5DEE')
((65, 84, -12), '#E98C2B235C1C')
((65, 96, -12), '#FE71251B5A4A')
((65, -48, 0), '#061D6E8B5E38')
((65, -36, 0), '#1A6068B35C74')
((65, -24, 0), '#2EA362DA5AB0')
((65, -12, 0), '#42E65D0158EC')
((65, 0, 0), '#572957295729')
((65, 12, 0), '#6B6C51505565')
((65, 24, 0), '#7FAF4B7853A1')
((65, 36, 0), '#93F2459F51DE')
((65, 48, 0), '#A8353FC6501A')
((65, 60, 0), '#BC7839EE4E56')
((65, 72, 0), '#D0BB34154C93')
((65, 84, 0), '#E4FE2E3C4ACF')
((65, 96, 0), '#F9412864490B')
((65, -48, 12), '#08626F924D5D')
((65, -36, 12), '#1C0D69E54BA7')
((65, -24, 12), '#2FB7643949F0')
((65, -12, 12), '#43615E8C483A')
((65, 0, 12), '#570C58E04684')
((65, 12, 12), '#6AB6533344CD')
((65, 24, 12), '#7E604D864317')
((65, 36, 12), '#920B47DA4160')
((65, 48, 12), '#A5B5422D3FAA')
((65, 60, 12), '#B95F3C813DF4')
((65, 72, 12), '#CD0A36D43C3D')
((65, 84, 12), '#E0B431283A87')
((65, 96, 12), '#F45E2B7B38D1')
((65, -48, 24), '#0A87708A3D7A')
((65, -36, 24), '#1DA16B063BD0')
((65, -24, 24), '#30BC65833A26')
((65, -12, 24), '#43D66000387C')
((65, 0, 24), '#56F05A7D36D2')
((65, 12, 24), '#6A0B54FA3528')
((65, 24, 24), '#7D254F77337E')
((65, 36, 24), '#903F49F431D5')
((65, 48, 24), '#A35A4471302B')
((65, 60, 24), '#B6743EEE2E81')
((65, 72, 24), '#C98E396B2CD7')
((65, 84, 24), '#DCA933E82B2D')
((65, 96, 24), '#EFC32E652983')
((65, -48, 36), '#0C8D71732E78')
((65, -36, 36), '#1F1F6C182CDA')
((65, -24, 36), '#31B166BC2B3C')
((65, -12, 36), '#44446160299E')
((65, 0, 36), '#56D65C042800')
((65, 12, 36), '#696956A82662')
((65, 24, 36), '#7BFB514C24C4')
((65, 36, 36), '#8E8E4BF12326')
((65, 48, 36), '#A12046952188')
((65, 60, 36), '#B3B341391FEA')
((65, 72, 36), '#C6453BDD1E4C')
((65, 84, 36), '#D8D736811CAE')
((65, 96, 36), '#EB6A31251B10')
((65, 108, 36), '#FDFC2BCA1972')
((65, -48, 48), '#0E7672512046')
((65, -36, 48), '#20886D1A1EB3')
((65, -24, 48), '#329A67E31D21')
((65, -12, 48), '#44AC62AC1B8E')
((65, 0, 48), '#56BE5D7619FB')
((65, 12, 48), '#68D0583F1868')
((65, 24, 48), '#7AE2530816D5')
((65, 36, 48), '#8CF34DD11543')
((65, 48, 48), '#9F05489B13B0')
((65, 60, 48), '#B1174364121D')
((65, 72, 48), '#C3293E2D108A')
((65, 84, 48), '#D53B38F60EF7')
((65, 96, 48), '#E74D33C00D64')
((65, 108, 48), '#F95F2E890BD2')
((65, -48, 60), '#1046732212D4')
((65, -36, 60), '#21DE6E0E114C')
((65, -24, 60), '#337668FB0FC3')
((65, -12, 60), '#450F63E70E3B')
((65, 0, 60), '#56A75ED40CB3')
((65, 12, 60), '#683F59C00B2B')
((65, 24, 60), '#79D754AD09A3')
((65, 36, 60), '#8B6F4F99081A')
((65, 48, 60), '#9D074A850692')
((65, 60, 60), '#AE9F4572050A')
((65, 72, 60), '#C037405E0382')
((65, 84, 60), '#D1CF3B4B01FA')
((65, 96, 60), '#E36736370071')
((65, -60, 72), '#00DA78DB0790')
((65, -48, 72), '#11FF73E90612')
((65, -36, 72), '#23236EF70494')
((65, -24, 72), '#34486A040316')
((65, -12, 72), '#456C65120198')
((65, 0, 72), '#569160200019')
((70, -36, -72), '#17F8719AF901')
((70, -24, -72), '#331169C8F6A5')
((70, -12, -72), '#4E2961F7F449')
((70, 0, -72), '#69425A26F1ED')
((70, 12, -72), '#845A5254EF91')
((70, 24, -72), '#9F734A83ED34')
((70, 36, -72), '#BA8B42B1EAD8')
((70, 48, -72), '#D5A43AE0E87C')
((70, 60, -72), '#F0BC330EE620')
((70, -48, -60), '#003E7B25E05C')
((70, -36, -60), '#1A747395DE14')
((70, -24, -60), '#34A96C05DBCC')
((70, -12, -60), '#4EDE6475D983')
((70, 0, -60), '#69135CE5D73B')
((70, 12, -60), '#83485555D4F3')
((70, 24, -60), '#9D7D4DC6D2AB')
((70, 36, -60), '#B7B34636D063')
((70, 48, -60), '#D1E83EA6CE1A')
((70, 60, -60), '#EC1D3716CBD2')
((70, -48, -48), '#03667CC2C712')
((70, -36, -48), '#1CC7756FC4DD')
((70, -24, -48), '#36276E1DC2A7')
((70, -12, -48), '#4F8766CBC071')
((70, 0, -48), '#68E75F78BE3C')
((70, 12, -48), '#82485826BC06')
((70, 24, -48), '#9BA850D3B9D0')
((70, 36, -48), '#B5084981B79B')
((70, 48, -48), '#CE68422FB565')
((70, 60, -48), '#E7C93ADCB32F')
((70, -48, -36), '#065C7E46AF57')
((70, -36, -36), '#1EF5772DAD33')
((70, -24, -36), '#378D7014AB0E')
((70, -12, -36), '#502668FBA8EA')
((70, 0, -36), '#68BE61E3A6C6')
((70, 12, -36), '#81575ACAA4A1')
((70, 24, -36), '#99EF53B1A27D')
((70, 36, -36), '#B2884C98A059')
((70, 48, -36), '#CB2045809E34')
((70, 60, -36), '#E3B93E679C10')
((70, 72, -36), '#FC51374E99EC')
((70, -48, -24), '#09257FB29906')
((70, -36, -24), '#210278D096F2')
((70, -24, -24), '#38DF71ED94DE')
((70, -12, -24), '#50BB6B0B92CA')
((70, 0, -24), '#6898642890B6')
((70, 12, -24), '#80745D468EA2')
((70, 24, -24), '#985156638C8E')
((70, 36, -24), '#B02E4F818A7A')
((70, 48, -24), '#C80A489E8866')
((70, 60, -24), '#DFE741BB8652')
((70, 72, -24), '#F7C33AD9843F')
((70, -48, -12), '#0BC5810A8400')
((70, -36, -12), '#22F17A5B81FB')
((70, -24, -12), '#3A1C73AB7FF7')
((70, -12, -12), '#51486CFC7DF2')
((70, 0, -12), '#6873664C7BEE')
((70, 12, -12), '#7F9F5F9D79E9')
((70, 24, -12), '#96CB58ED77E5')
((70, 36, -12), '#ADF6523E75E0')
((70, 48, -12), '#C5224B8E73DC')
((70, 60, -12), '#DC4D44DF71D7')
((70, 72, -12), '#F3793E2F6FD3')
((70, -48, 0), '#0E3F824E7029')
((70, -36, 0), '#24C37BCF6E33')
((70, -24, 0), '#3B4875506C3D')
((70, -12, 0), '#51CD6ED06A47')
((70, 0, 0), '#685168516851')
((70, 12, 0), '#7ED661D2665B')
((70, 24, 0), '#955A5B536465')
((70, 36, 0), '#ABDF54D3626F')
((70, 48, 0), '#C2634E546079')
((70, 60, 0), '#D8E847D55E83')
((70, 72, 0), '#EF6D41555C8D')
((70, -48, 12), '#109683815D68')
((70, -36, 12), '#267D7D2F5B80')
((70, -24, 12), '#3C6376DD5998')
((70, -12, 12), '#524A708C57B0')
((70, 0, 12), '#68316A3A55C7')
((70, 12, 12), '#7E1763E853DF')
((70, 24, 12), '#93FE5D9651F7')
((70, 36, 12), '#A9E55745500F')
((70, 48, 12), '#BFCC50F34E27')
((70, 60, 12), '#D5B24AA14C3E')
((70, 72, 12), '#EB99444F4A56')
((70, -48, 24), '#12CD84A34BA8')
((70, -36, 24), '#281E7E7C49CC')
((70, -24, 24), '#3D6F785647F1')
((70, -12, 24), '#52C1722F4616')
((70, 0, 24), '#68126C08443B')
((70, 12, 24), '#7D6365E24260')
((70, 24, 24), '#92B55FBB4084')
((70, 36, 24), '#A80659953EA9')
((70, 48, 24), '#BD57536E3CCE')
((70, 60, 24), '#D2A84D473AF3')
((70, 72, 24), '#E7FA47213917')
((70, 84, 24), '#FD4B40FA373C')
((70, -60, 36), '#00238BB43CA2')
((70, -48, 36), '#14E785B63AD3')
((70, -36, 36), '#29AA7FB83904')
((70, -24, 36), '#3E6E79BB3735')
((70, -12, 36), '#533173BD3566')
((70, 0, 36), '#67F56DBF3397')
((70, 12, 36), '#7CB867C131C9')
((70, 24, 36), '#917C61C42FFA')
((70, 36, 36), '#A6405BC62E2B')
((70, 48, 36), '#BB0355C82C5C')
((70, 60, 36), '#CFC74FCA2A8D')
((70, 72, 36), '#E48A49CD28BE')
((70, 84, 36), '#F94E43CF26EF')
((70, -60, 48), '#02A88C922C9B')
((70, -48, 48), '#16E586BB2AD8')
((70, -36, 48), '#2B2280E42915')
((70, -24, 48), '#3F5F7B0D2752')
((70, -12, 48), '#539C7536258F')
((70, 0, 48), '#67D96F5F23CC')
((70, 12, 48), '#7C1669892208')
((70, 24, 48), '#905363B22045')
((70, 36, 48), '#A4905DDB1E82')
((70, 48, 48), '#B8CD58041CBF')
((70, 60, 48), '#CD0B522D1AFC')
((70, 72, 48), '#E1484C561939')
((70, 84, 48), '#F585467F1775')
((70, -60, 60), '#050D8D651D60')
((70, -48, 60), '#18CA87B31BA8')
((70, -36, 60), '#2C88820119F0')
((70, -24, 60), '#40457C4F1837')
((70, -12, 60), '#5402769D167F')
((70, 0, 60), '#67BF70EB14C7')
((70, 12, 60), '#7B7C6B39130F')
((70, 24, 60), '#8F3965871157')
((70, 36, 60), '#A2F75FD50F9F')
((70, 48, 60), '#B6B45A230DE7')
((70, 60, 60), '#CA7154710C2F')
((70, 72, 60), '#DE2E4EBF0A77')
((70, 84, 60), '#F1EB490D08BF')
((70, -60, 72), '#07558E2F0EE0')
((70, -48, 72), '#1A9888A00D32')
((70, -36, 72), '#2DDC83110B85')
((70, -24, 72), '#411F7D8209D7')
((70, -12, 72), '#546377F3082A')
((70, 0, 72), '#67A67264067C')
((70, 12, 72), '#7AE96CD504CF')
((70, 24, 72), '#8E2D67460322')
((70, 36, 72), '#A17061B70174')
((70, -60, 84), '#09818EEE010E')
((75, -48, -60), '#09C1902FFEE5')
((75, -36, -60), '#266B87E9FC66')
((75, -24, -60), '#43167FA4F9E7')
((75, -12, -60), '#5FC1775EF768')
((75, 0, -60), '#7C6B6F19F4E9')
((75, 12, -60), '#991666D3F26A')
((75, 24, -60), '#B5C15E8EEFEB')
((75, 36, -60), '#D26B5648ED6C')
((75, 48, -60), '#EF164E03EAED')
((75, -48, -48), '#0CEF9201E37D')
((75, -36, -48), '#28C289F9E111')
((75, -24, -48), '#449681F2DEA4')
((75, -12, -48), '#606979EBDC38')
((75, 0, -48), '#7C3C71E4D9CC')
((75, 12, -48), '#980F69DCD760')
((75, 24, -48), '#B3E261D5D4F3')
((75, 36, -48), '#CFB559CED287')
((75, 48, -48), '#EB8851C6D01B')
((75, -48, -36), '#0FEF93B8C9A5')
((75, -36, -36), '#2AF78BECC74A')
((75, -24, -36), '#45FF841FC4F0')
((75, -12, -36), '#61077C52C295')
((75, 0, -36), '#7C0F7486C03B')
((75, 12, -36), '#97176CB9BDE0')
((75, 24, -36), '#B21F64ECBB85')
((75, 36, -36), '#CD275D20B92B')
((75, 48, -36), '#E82F5553B6D0')
((75, -48, -24), '#12C59557B13C')
((75, -36, -24), '#2D0D8DC2AEF2')
((75, -24, -24), '#4755862DACA8')
((75, -12, -24), '#619D7E97AA5E')
((75, 0, -24), '#7BE57702A815')
((75, 12, -24), '#962D6F6DA5CB')
((75, 24, -24), '#B07567D8A381')
((75, 36, -24), '#CABD6042A137')
((75, 48, -24), '#E50558AD9EED')
((75, 60, -24), '#FF4D51189CA3')
((75, -48, -12), '#157396E09A24')
((75, -36, -12), '#2F068F7F97EA')
((75, -24, -12), '#4898881E95B0')
((75, -12, -12), '#622B80BD9376')
((75, 0, -12), '#7BBD795C913C')
((75, 12, -12), '#954F71FC8F02')
((75, 24, -12), '#AEE26A9B8CC8')
((75, 36, -12), '#C874633A8A8E')
((75, 48, -12), '#E2065BD98854')
((75, 60, -12), '#FB995478861A')
((75, -48, 0), '#17FE98548443')
((75, -36, 0), '#30E491258218')
((75, -24, 0), '#49CA89F67FED')
((75, -12, 0), '#62B182C67DC2')
((75, 0, 0), '#7B977B977B97')
((75, 12, 0), '#947D7468796C')
((75, 24, 0), '#AD646D397741')
((75, 36, 0), '#C64A66097516')
((75, 48, 0), '#DF305EDA72EB')
((75, 60, 0), '#F81757AB70C0')
((75, -60, 12), '#0224A0B5719E')
((75, -48, 12), '#1A6799B56F81')
((75, -36, 12), '#32AA92B56D64')
((75, -24, 12), '#4AED8BB56B48')
((75, -12, 12), '#633084B5692B')
((75, 0, 12), '#7B737DB4670E')
((75, 12, 12), '#93B676B464F1')
((75, 24, 12), '#ABF96FB462D4')
((75, 36, 12), '#C43C68B460B7')
((75, 48, 12), '#DC8061B45E9A')
((75, 60, 12), '#F4C35AB45C7E')
((75, -60, 24), '#0509A1D85DD8')
((75, -48, 24), '#1CB19B045BC9')
((75, -36, 24), '#3459943159B9')
((75, -24, 24), '#4C018D5E57AA')
((75, -12, 24), '#63A9868A559A')
((75, 0, 24), '#7B517FB7538B')
((75, 12, 24), '#92F978E3517C')
((75, 24, 24), '#AAA172104F6C')
((75, 36, 24), '#C2496B3D4D5D')
((75, 48, 24), '#D9F164694B4E')
((75, 60, 24), '#F1995D96493E')
((75, -60, 36), '#07CAA2EC4B08')
((75, -48, 36), '#1EDF9C434906')
((75, -36, 36), '#35F3959A4703')
((75, -24, 36), '#4D088EF24501')
((75, -12, 36), '#641C884942FE')
((75, 0, 36), '#7B3181A040FC')
((75, 12, 36), '#92457AF73EF9')
((75, 24, 36), '#A95A744E3CF7')
((75, 36, 36), '#C06E6DA63AF4')
((75, 48, 36), '#D78366FD38F2')
((75, 60, 36), '#EE97605436EF')
((75, -60, 48), '#0A6AA3F3391E')
((75, -48, 48), '#20F29D733727')
((75, -36, 48), '#377A96F33531')
((75, -24, 48), '#4E029073333B')
((75, -12, 48), '#648A89F23145')
((75, 0, 48), '#7B1283722F4E')
((75, 12, 48), '#919A7CF22D58')
((75, 24, 48), '#A82276712B62')
((75, 36, 48), '#BEAA6FF1296C')
((75, 48, 48), '#D53269712775')
((75, 60, 48), '#EBBA62F1257F')
((75, -60, 60), '#0CEAA4EE2808')
((75, -48, 60), '#22EC9E95261E')
((75, -36, 60), '#38EE983B2433')
((75, -24, 60), '#4EF091E22248')
((75, -12, 60), '#64F28B88205E')
((75, 0, 60), '#7AF4852E1E73')
((75, 12, 60), '#90F67ED51C89')
((75, 24, 60), '#A6F8787B1A9E')
((75, 36, 60), '#BCFA722218B3')
((75, 48, 60), '#D2FC6BC816C9')
((75, 60, 60), '#E8FE656E14DE')
((75, 72, 60), '#FF005F1512F4')
((75, -60, 72), '#0F4DA5DE17B9')
((75, -48, 72), '#24D09FA915DA')
((75, -36, 72), '#3A52997513FA')
((75, -24, 72), '#4FD49340121B')
((75, -12, 72), '#65568D0B103B')
((75, 0, 72), '#7AD886D70E5C')
((75, 12, 72), '#905A80A20C7C')
((75, 24, 72), '#A5DC7A6D0A9D')
((75, 36, 72), '#BB5E743808BE')
((75, 48, 72), '#D0E06E0406DE')
((75, 60, 72), '#E66367CF04FF')
((75, 72, 72), '#FBE5619A031F')
((75, -60, 84), '#1196A6C30824')
((75, -48, 84), '#269EA0B2064F')
((75, -36, 84), '#3BA59AA0047A')
((75, -24, 84), '#50AD948F02A5')
((75, -12, 84), '#65B58E7D00D0')
((80, -36, -48), '#3699A0D2FFFB')
((80, -24, -48), '#5500980CFD55')
((80, -12, -48), '#73678F46FAAF')
((80, 0, -48), '#91CE8681F80A')
((80, 12, -48), '#B0357DBBF564')
((80, 24, -48), '#CE9C74F5F2BE')
((80, 36, -48), '#ED036C2FF018')
((80, -48, -36), '#1B3DAB85E68F')
((80, -36, -36), '#38D5A2FBE3FB')
((80, -24, -36), '#566D9A71E167')
((80, -12, -36), '#740591E7DED4')
((80, 0, -36), '#919E895DDC40')
((80, 12, -36), '#AF3680D3D9AC')
((80, 24, -36), '#CCCE7849D718')
((80, 36, -36), '#EA666FBFD485')
((80, -60, -24), '#014DB5AACE74')
((80, -48, -24), '#1E21AD59CBF1')
((80, -36, -24), '#3AF4A508C96F')
((80, -24, -24), '#57C89CB6C6EC')
((80, -12, -24), '#749C9465C46A')
((80, 0, -24), '#916F8C14C1E7')
((80, 12, -24), '#AE4383C2BF64')
((80, 24, -24), '#CB177B71BCE2')
((80, 36, -24), '#E7EB7320BA5F')
((80, -60, -12), '#04C5B731B51F')
((80, -48, -12), '#20DEAF15B2AC')
((80, -36, -12), '#3CF8A6FAB03A')
((80, -24, -12), '#59119EDEADC7')
((80, -12, -12), '#752A96C3AB55')
((80, 0, -12), '#91448EA7A8E3')
((80, 12, -12), '#AD5D868CA670')
((80, 24, -12), '#C9767E70A3FE')
((80, 36, -12), '#E5907654A18C')
((80, -60, 0), '#0812B8A49D09')
((80, -48, 0), '#237AB0BC9AA6')
((80, -36, 0), '#3EE2A8D39843')
((80, -24, 0), '#5A4AA0EB95E0')
((80, -12, 0), '#75B29902937D')
((80, 0, 0), '#911A911A911A')
((80, 12, 0), '#AC8289328EB7')
((80, 24, 0), '#C7EA81498C54')
((80, 36, 0), '#E352796189F1')
((80, 48, 0), '#FEBA7178878E')
((80, -60, 12), '#0B36BA06861C')
((80, -48, 12), '#25F5B24E83C7')
((80, -36, 12), '#40B4AA968173')
((80, -24, 12), '#5B74A2DE7F1F')
((80, -12, 12), '#76339B277CCB')
((80, 0, 12), '#90F2936F7A76')
((80, 12, 12), '#ABB28BB77822')
((80, 24, 12), '#C67183FF75CE')
((80, 36, 12), '#E1317C487379')
((80, 48, 12), '#FBF074907125')
((80, -60, 24), '#0E34BB567042')
((80, -48, 24), '#2852B3CD6DFC')
((80, -36, 24), '#4271AC446BB5')
((80, -24, 24), '#5C90A4BA696F')
((80, -12, 24), '#76AE9D316729')
((80, 0, 24), '#90CD95A864E3')
((80, 12, 24), '#AAEB8E1E629C')
((80, 24, 24), '#C50A86956056')
((80, 36, 24), '#DF297F0C5E10')
((80, 48, 24), '#F94777825BCA')
((80, -60, 36), '#110FBC985B69')
((80, -48, 36), '#2A94B53B5930')
((80, -36, 36), '#4419ADDE56F7')
((80, -24, 36), '#5D9EA68154BE')
((80, -12, 36), '#77249F235285')
((80, 0, 36), '#90A997C6504C')
((80, 12, 36), '#AA2E90694E14')
((80, 24, 36), '#C3B3890C4BDB')
((80, 36, 36), '#DD3881AF49A2')
((80, 48, 36), '#F6BE7A524769')
((80, -60, 48), '#13C9BDCB477F')
((80, -48, 48), '#2CBCB6984553')
((80, -36, 48), '#45AEAF654327')
((80, -24, 48), '#5EA1A83240FB')
((80, -12, 48), '#7794A1003ECF')
((80, 0, 48), '#908699CD3CA3')
((80, 12, 48), '#A979929A3A77')
((80, 24, 48), '#C26C8B67384A')
((80, 36, 48), '#DB5E8434361E')
((80, 48, 48), '#F4517D0233F2')
((80, -60, 60), '#1665BEF03475')
((80, -48, 60), '#2ECBB7E63256')
((80, -36, 60), '#4732B0DB3036')
((80, -24, 60), '#5F98A9D12E16')
((80, -12, 60), '#77FFA2C72BF6')
((80, 0, 60), '#90659BBC29D6')
((80, 12, 60), '#A8CC94B227B6')
((80, 24, 60), '#C1338DA82596')
((80, 36, 60), '#D999869D2376')
((80, 48, 60), '#F2007F932156')
((80, -72, 72), '#0103C6ED2451')
((80, -60, 72), '#18E4C009223D')
((80, -48, 72), '#30C4B9252028')
((80, -36, 72), '#48A5B2421E14')
((80, -24, 72), '#6085AB5E1C00')
((80, -12, 72), '#7866A47A19EC')
((80, 0, 72), '#90469D9717D7')
((80, 12, 72), '#A82796B315C3')
((80, 24, 72), '#C0078FCF13AF')
((80, 36, 72), '#D7E788EC119B')
((80, 48, 72), '#EFC882080F86')
((80, -72, 84), '#03E8C7D512D1')
((80, -60, 84), '#1B48C11610C8')
((80, -48, 84), '#32A8BA580EBF')
((80, -36, 84), '#4A08B3990CB6')
((80, -24, 84), '#6168ACDA0AAD')
((80, -12, 84), '#78C8A61C08A4')
((80, 0, 84), '#90289F5D069B')
((80, 12, 84), '#A788989F0492')
((80, 24, 84), '#BEE891E00288')
((80, 36, 84), '#D6488B21007F')
((80, -72, 96), '#06AEC8B3020A')
((80, -60, 96), '#1D93C218000B')
((85, -12, -36), '#8940A9D9FDC4')
((85, 0, -36), '#A989A089FAF4')
((85, 12, -36), '#C9D29738F825')
((85, 24, -36), '#EA1B8DE7F555')
((85, -60, -24), '#0BD8D0EEEC04')
((85, -48, -24), '#2B58C7D7E945')
((85, -36, -24), '#4AD8BEC0E687')
((85, -24, -24), '#6A57B5A9E3C9')
((85, -12, -24), '#89D7AC93E10B')
((85, 0, -24), '#A957A37CDE4D')
((85, 12, -24), '#C8D79A65DB8E')
((85, 24, -24), '#E857914FD8D0')
((85, -60, -12), '#0F65D2A9D065')
((85, -48, -12), '#2E26C9C9CDB7')
((85, -36, -12), '#4CE6C0EACB0A')
((85, -24, -12), '#6BA6B80AC85C')
((85, -12, -12), '#8A67AF2BC5AF')
((85, 0, -12), '#A927A64CC301')
((85, 12, -12), '#C7E89D6CC054')
((85, 24, -12), '#E6A8948DBDA6')
((85, -60, 0), '#12C9D450B60E')
((85, -48, 0), '#30D2CBA5B370')
((85, -36, 0), '#4EDCC2FAB0D3')
((85, -24, 0), '#6CE6BA4FAE35')
((85, -12, 0), '#8AF0B1A5AB97')
((85, 0, 0), '#A8FAA8FAA8FA')
((85, 12, 0), '#C704A04FA65C')
((85, 24, 0), '#E50D97A4A3BE')
((85, -60, 12), '#1604D5E39CE9')
((85, -48, 12), '#3360CD6B9A5A')
((85, -36, 12), '#50BCC4F297CC')
((85, -24, 12), '#6E17BC7A953D')
((85, -12, 12), '#8B73B40192AF')
((85, 0, 12), '#A8CEAB899020')
((85, 12, 12), '#C62AA3108D92')
((85, 24, 12), '#E3859A988B03')
((85, -60, 24), '#191CD76584E1')
((85, -48, 24), '#35D1CF1D8261')
((85, -36, 24), '#5286C6D47FE1')
((85, -24, 24), '#6F3BBE8C7D61')
((85, -12, 24), '#8BF0B6437AE1')
((85, 0, 24), '#A8A5ADFB7861')
((85, 12, 24), '#C55AA5B275E1')
((85, 24, 24), '#E20F9D6A7361')
((85, 36, 24), '#FEC4952170E1')
((85, -60, 36), '#1C11D8D66DE3')
((85, -48, 36), '#3826D0BC6B71')
((85, -36, 36), '#543CC8A168FF')
((85, -24, 36), '#7052C087668D')
((85, -12, 36), '#8C67B86C641B')
((85, 0, 36), '#A87DB05261A9')
((85, 12, 36), '#C493A8375F37')
((85, 24, 36), '#E0A8A01D5CC5')
((85, 36, 36), '#FCBE98025A53')
((85, -72, 48), '#0368E2265A45')
((85, -60, 48), '#1EE5DA3757E0')
((85, -48, 48), '#3A63D249557B')
((85, -36, 48), '#55E0CA5B5316')
((85, -24, 48), '#715DC26C50B2')
((85, -12, 48), '#8CDABA7E4E4D')
((85, 0, 48), '#A857B28F4BE8')
((85, 12, 48), '#C3D4AAA14983')
((85, 24, 48), '#DF51A2B2471F')
((85, 36, 48), '#FACE9AC444BA')
((85, -72, 60), '#06B1E34E451F')
((85, -60, 60), '#219CDB8A42C7')
((85, -48, 60), '#3C87D3C6406F')
((85, -36, 60), '#5772CC023E17')
((85, -24, 60), '#725DC43D3BBF')
((85, -12, 60), '#8D48BC793967')
((85, 0, 60), '#A832B4B5370F')
((85, 12, 60), '#C31DACF134B7')
((85, 24, 60), '#DE08A52C325E')
((85, 36, 60), '#F8F39D683006')
((85, -72, 72), '#09D8E46B30D5')
((85, -60, 72), '#2436DCCF2E8A')
((85, -48, 72), '#3E95D5332C3E')
((85, -36, 72), '#58F4CD9729F2')
((85, -24, 72), '#7352C5FC27A6')
((85, -12, 72), '#8DB1BE60255A')
((85, 0, 72), '#A80FB6C4230E')
((85, 12, 72), '#C26EAF2820C2')
((85, 24, 72), '#DCCDA78C1E77')
((85, 36, 72), '#F72B9FF11C2B')
((85, -72, 84), '#0CDEE57C1D5B')
((85, -60, 84), '#26B6DE071B1B')
((85, -48, 84), '#408ED69218DB')
((85, -36, 84), '#5A66CF1D169B')
((85, -24, 84), '#743EC7A8145B')
((85, -12, 84), '#8E16C033121B')
((85, 0, 84), '#A7EEB8BE0FDA')
((85, 12, 84), '#C1C6B1490D9A')
((85, 24, 84), '#DB9EA9D40B5A')
((85, 36, 84), '#F576A25F091A')
((85, -72, 96), '#0FC7E6820AA4')
((85, -60, 96), '#291DDF33086F')
((85, -48, 96), '#4274D7E3063A')
((85, -36, 96), '#5BCAD0930405')
((85, -24, 96), '#7521C94401D0')
((90, 0, -24), '#C3BBBD5BFD65')
((90, 12, -24), '#E607B375FA68')
((90, -60, -12), '#1BE2F0C9EE50')
((90, -48, -12), '#3D69E71CEB64')
((90, -36, -12), '#5EF1DD6FE879')
((90, -24, -12), '#8078D3C3E58E')
((90, -12, -12), '#A200CA16E2A2')
((90, 0, -12), '#C387C069DFB7')
((90, 12, -12), '#E50FB6BDDCCB')
((90, -60, 0), '#1F5CF2A5D19D')
((90, -48, 0), '#4027E92FCEC2')
((90, -36, 0), '#60F3DFB9CBE7')
((90, -24, 0), '#81BED642C90C')
((90, -12, 0), '#A28ACCCCC630')
((90, 0, 0), '#C355C355C355')
((90, 12, 0), '#E421B9DFC07A')
((90, -72, 12), '#0298FDB0B8F0')
((90, -60, 12), '#22B0F46EB625')
((90, -48, 12), '#42C8EB2BB359')
((90, -36, 12), '#62DFE1E9B08E')
((90, -24, 12), '#82F7D8A6ADC2')
((90, -12, 12), '#A30ECF64AAF7')
((90, 0, 12), '#C326C621A82C')
((90, 12, 12), '#E33DBCDFA560')
((90, -72, 24), '#0675FF349E90')
((90, -60, 24), '#25E0F6239BD3')
((90, -48, 24), '#454CED139917')
((90, -36, 24), '#64B7E402965B')
((90, -24, 24), '#8422DAF1939E')
((90, -12, 24), '#A38DD1E090E2')
((90, 0, 24), '#C2F8C8D08E25')
((90, 12, 24), '#E264BFBF8B69')
((90, -60, 36), '#28EFF7C78297')
((90, -48, 36), '#47B5EEE67FE9')
((90, -36, 36), '#667BE6057D3B')
((90, -24, 36), '#8541DD237A8D')
((90, -12, 36), '#A407D44277DF')
((90, 0, 36), '#C2CDCB617531')
((90, 12, 36), '#E193C2807283')
((90, -60, 48), '#2BDEF9596A5F')
((90, -48, 48), '#4A06F0A667BF')
((90, -36, 48), '#682DE7F3651F')
((90, -24, 48), '#8654DF3F627F')
((90, -12, 48), '#A47CD68C5FDE')
((90, 0, 48), '#C2A3CDD95D3E')
((90, 12, 48), '#E0CAC5255A9E')
((90, 24, 48), '#FEF1BC7257FE')
((90, -60, 60), '#2EB0FADC531C')
((90, -48, 60), '#4C3FF2545089')
((90, -36, 60), '#69CEE9CD4DF6')
((90, -24, 60), '#875DE1464B63')
((90, -12, 60), '#A4ECD8BE48D0')
((90, 0, 60), '#C27BD037463D')
((90, 12, 60), '#E00AC7B043AA')
((90, 24, 60), '#FD98BF284117')
((90, -60, 72), '#3166FC4F3CBF')
((90, -48, 72), '#4E62F3F23A39')
((90, -36, 72), '#6B5FEB9537B3')
((90, -24, 72), '#885BE338352D')
((90, -12, 72), '#A558DADB32A6')
((90, 0, 72), '#C254D27E3020')
((90, 12, 72), '#DF50CA212D9A')
((90, 24, 72), '#FC4DC1C42B14')
((90, -60, 84), '#3401FDB5273C')
((90, -48, 84), '#5071F58124C2')
((90, -36, 84), '#6CE0ED4C2248')
((90, -24, 84), '#8950E5181FCE')
((90, -12, 84), '#A5BFDCE31D54')
((90, 0, 84), '#C22FD4AF1ADA')
((90, 12, 84), '#DE9ECC7A1860')
((90, 24, 84), '#FB0EC44615E6')
((90, -60, 96), '#3684FF0D1286')
((90, -48, 96), '#526BF7001018')
((90, -36, 96), '#6E53EEF30DAA')
((90, -24, 96), '#8A3BE6E50B3B')
((90, -12, 96), '#A623DED808CD')
((90, 0, 96), '#C20BD6CB065F')
((90, 12, 96), '#DDF3CEBD03F1')
((90, 24, 96), '#F9DBC6B00183')
((95, 0, -12), '#E083DD20FF23')
((95, -36, 0), '#7545FF2EE99F')
((95, -24, 0), '#98F3F4E3E683')
((95, -12, 0), '#BCA0EA98E368')
((95, 0, 0), '#E04DE04DE04D')
((95, -24, 12), '#9A32F784C8CE')
((95, -12, 12), '#BD26ED6EC5C2')
((95, 0, 12), '#E019E359C2B7')
((95, -24, 24), '#9B65FA0AAC47')
((95, -12, 24), '#BDA6F028A94B')
((95, 0, 24), '#DFE7E645A650')
((95, -24, 36), '#9C8CFC7790DE')
((95, -12, 36), '#BE22F2C68DF1')
((95, 0, 36), '#DFB8E9158B04')
((95, -24, 48), '#9DA7FECB7681')
((95, -12, 48), '#BE98F54A73A3')
((95, 0, 48), '#DF8AEBC970C4')
((95, -12, 60), '#BF0BF7B65A52')
((95, 0, 60), '#DF5DEE635781')
((95, 12, 60), '#FFB0E50F54B1')
((95, -12, 72), '#BF79FA0C41F0')
((95, 0, 72), '#DF33F0E43F2D')
((95, 12, 72), '#FEEDE7BD3C69')
((95, -12, 84), '#BFE3FC4B2A70')
((95, 0, 84), '#DF0AF34E27BA')
((95, 12, 84), '#FE31EA512503')
((95, -12, 96), '#C049FE7713C7')
((95, 0, 96), '#DEE2F5A3111D')
((95, 12, 96), '#FD7BECCE0E72')
((100, 0, 0), '#FFFFFFFFFFFF')
