((100, 0, 0), '#FFFFFFFFFFFF')
((99, -4, 0), '#E6FBFEF3F91E')
((99, -4, 4), '#EF04FE48E816')
((99, -4, 8), '#F6B9FDA3D7BF')
((99, -4, 12), '#FE1DFD06C813')
((98, -8, 0), '#CF04FDBDF25D')
((98, -8, 4), '#D6E9FD14E1A2')
((98, 0, 4), '#FAE0F253E240')
((98, -8, 8), '#DE7BFC73D195')
((98, -8, 12), '#E5BDFBD8C233')
((98, -8, 16), '#ECB0FB44B378')
((98, -4, 16), '#FE86F5EEB3C6')
((98, -12, 20), '#E1CBFFF5A513')
((98, -8, 20), '#F356FAB6A560')
((98, -12, 24), '#E825FF6D979B')
((98, -8, 24), '#F9B0FA2E97E9')
((98, -12, 28), '#EE36FEEC8AC0')
((98, -8, 28), '#FFC1F9AD8B0D')
((98, -12, 32), '#F3FFFE717E7D')
((98, -12, 36), '#F981FDFB72CF')
((98, -12, 40), '#FEBFFD8B67B2')
((97, -12, -4), '#B001FD09FCDE')
((97, -8, -4), '#C13CF7E2FD29')
((97, -4, -4), '#D2C1F2A5FD76')
((97, 0, -4), '#E491ED51FDC5')
((97, 4, -4), '#F6ACE7E7FE14')
((97, -12, 0), '#B815FC5DEBBE')
((97, 4, 0), '#FEC0E73AECF4')
((97, -12, 4), '#BFD6FBB7DB4E')
((97, -12, 8), '#C745FB19CB8B')
((97, 0, 8), '#FBD5EB61CC72')
((97, -16, 12), '#BD74FF92BC27')
((97, -12, 12), '#CE65FA81BC72')
((97, -16, 16), '#C445FF00ADB3')
((97, -12, 16), '#D536F9EFADFD')
((97, -16, 20), '#CACAFE759FE1')
((97, -4, 20), '#FE7BEF00A0C4')
((97, -16, 24), '#D105FDF092AD')
((97, -16, 28), '#D6F6FD728613')
((97, -16, 32), '#DCA1FCF97A11')
((97, -8, 32), '#FECDF2C17AA7')
((97, -16, 36), '#E205FC866EA2')
((97, -16, 40), '#E726FC1863C3')
((97, -16, 44), '#EC05FBB05970')
((97, -12, 44), '#FCF6F69F59BA')
((97, -16, 48), '#F0A4FB4E4FA5')
((97, -20, 52), '#E45BFFEC4616')
((97, -16, 52), '#F503FAF0465F')
((97, -20, 56), '#E87EFF933D52')
((97, -16, 56), '#F926FA983D9B')
((97, -20, 60), '#EC65FF40350B')
((97, -16, 60), '#FD0DFA453554')
((97, -20, 64), '#F013FEF22D3F')
((97, -20, 68), '#F389FEA825E9')
((97, -20, 72), '#F6C9FE621F05')
((97, -20, 76), '#F9D4FE221891')
((97, -20, 80), '#FCADFDE51288')
((97, -20, 84), '#FF55FDAC0CE8')
((96, -16, -4), '#9A38FB7EF612')
((96, -20, 0), '#91CEFFB8E4F7')
((96, -16, 0), '#A228FAD4E53F')
((96, -20, 4), '#996CFF16D4D2')
((96, -16, 4), '#A9C6FA32D51A')
((96, 4, 4), '#FFD2E076D694')
((96, -20, 8), '#A0B9FE7AC559')
((96, -16, 8), '#B113F996C5A0')
((96, -20, 12), '#A7B6FDE5B687')
((96, 0, 12), '#FC53E497B7FB')
((96, -20, 16), '#AE67FD56A859')
((96, -20, 20), '#B4CBFCCE9ACB')
((96, -20, 24), '#BAE6FC4C8DDA')
((96, -4, 24), '#FE03E8398F01')
((96, -20, 28), '#C0B9FBCF8182')
((96, -20, 32), '#C645FB5975C0')
((96, -24, 36), '#BB7AFFB76A49')
((96, -20, 36), '#CB8CFAE86A8F')
((96, -8, 36), '#FD74EBFC6B6B')
((96, -24, 40), '#C07EFF4C5FA6')
((96, -20, 40), '#D091FA7D5FED')
((96, -24, 44), '#C541FEE6558E')
((96, -20, 44), '#D553FA1855D5')
((96, -24, 48), '#C9C4FE864BFE')
((96, -20, 48), '#D9D7F9B74C44')
((96, -12, 48), '#FAD3EFDA4CD5')
((96, -24, 52), '#CE09FE2B42F0')
((96, -12, 52), '#FF18EF7F43C8')
((96, -24, 56), '#D212FDD53A63')
((96, -24, 60), '#D5E1FD843251')
((96, -24, 64), '#D976FD372AB8')
((96, -16, 64), '#F9E3F3852B46')
((96, -24, 68), '#DCD5FCEF2394')
((96, -16, 68), '#FD41F33D2422')
((96, -24, 72), '#DFFEFCAC1CE1')
((96, -24, 76), '#E2F3FC6D169B')
((96, -24, 80), '#E5B6FC3210C0')
((96, -24, 84), '#E849FBFB0B4B')
((96, -24, 88), '#EAAEFBC80639')
((96, -20, 88), '#FAC0F6F9067F')
((96, -24, 92), '#ECE5FB980186')
((96, -20, 92), '#FCF8F6CA01CC')
((95, -24, -4), '#75A7FE83EF22')
((95, -20, -4), '#856DF9CBEF67')
((95, 8, -4), '#FBBED669F16F')
((95, -24, 0), '#7D74FDDCDE9A')
((95, -24, 4), '#84EEFD3DCEC0')
((95, -24, 8), '#8C19FCA4BF8F')
((95, -24, 12), '#92F5FC12B104')
((95, -24, 16), '#9984FB86A31C')
((95, 0, 16), '#FC5DDDF6A4CE')
((95, -28, 20), '#904AFFA2958E')
((95, -24, 20), '#9FC9FB0095D2')
((95, -28, 24), '#9645FF2388DF')
((95, -24, 24), '#A5C5FA808924')
((95, -28, 28), '#9BF9FEA97CC8')
((95, -24, 28), '#AB79FA077D0D')
((95, -4, 28), '#FD22E19A7E73')
((95, -28, 32), '#A168FE357145')
((95, -24, 32), '#B0E7F9937189')
((95, -28, 36), '#A692FDC76653')
((95, -28, 40), '#AB7AFD5E5BEC')
((95, -8, 40), '#FBBDE55D5D4D')
((95, -28, 44), '#B021FCFB520F')
((95, -28, 48), '#B489FC9D48B7')
((95, -28, 52), '#B8B4FC443FE2')
((95, -28, 56), '#BCA4FBF0378A')
((95, -12, 56), '#FC4AE8E738A1')
((95, -28, 60), '#C059FBA12FAD')
((95, -32, 64), '#B49EFFE42803')
((95, -28, 64), '#C3D7FB562846')
((95, -32, 68), '#B7E5FF9E2110')
((95, -28, 68), '#C71EFB102153')
((95, -32, 72), '#BAF7FF5C1A8D')
((95, -28, 72), '#CA31FACF1AD0')
((95, -16, 72), '#F983ECA81BA0')
((95, -32, 76), '#BDD7FF1F1476')
((95, -28, 76), '#CD10FA9214B9')
((95, -16, 76), '#FC62EC6B1589')
((95, -32, 80), '#C085FEE60EC7')
((95, -28, 80), '#CFBFFA580F0A')
((95, -16, 80), '#FF10EC320FDA')
((95, -32, 84), '#C304FEB1097D')
((95, -28, 84), '#D23DFA2309C0')
((95, -32, 88), '#C555FE7F0495')
((95, -28, 88), '#D48EF9F204D7')
((95, -32, 92), '#C779FE520009')
((95, -28, 92), '#D6B3F9C4004C')
((94, -28, -8), '#5A6BFD29F986')
((94, -24, -8), '#699FF89DF9C9')
((94, -20, -8), '#7919F3FCFA0D')
((94, -16, -8), '#88D9EF46FA52')
((94, -12, -8), '#98E0EA7BFA98')
((94, -8, -8), '#A92FE59BFAE0')
((94, -4, -8), '#B9C6E0A4FB29')
((94, 0, -8), '#CAA6DB98FB73')
((94, 4, -8), '#DBD0D676FBBF')
((94, 8, -8), '#ED44D13EFC0B')
((94, 12, -8), '#FF02CBF0FC59')
((94, -28, -4), '#6266FC7FE89A')
((94, -28, 0), '#6A0FFBDBD85E')
((94, 8, 0), '#FCE8CFF1DAE3')
((94, -32, 4), '#6278FFB6C88B')
((94, -28, 4), '#7167FB3EC8CD')
((94, -32, 8), '#6981FF20B9A2')
((94, -28, 8), '#786FFAA8B9E4')
((94, 4, 8), '#F9D5D3F6BC1C')
((94, -32, 12), '#703CFE90AB5E')
((94, -28, 12), '#7F2AFA19AB9F')
((94, -32, 16), '#76ABFE079DBA')
((94, -28, 16), '#859AF9909DFC')
((94, -32, 20), '#7CD0FD8490B4')
((94, 0, 20), '#FBFAD77C92E3')
((94, -32, 24), '#82ACFD078447')
((94, -32, 28), '#8842FC907870')
((94, -32, 32), '#8D93FC1E6D2C')
((94, -4, 32), '#FBDDDB226F10')
((94, -32, 36), '#92A0FBB26276')
((94, -36, 40), '#88C1FFAF580B')
((94, -32, 40), '#976CFB4C584B')
((94, -36, 44), '#8D4DFF4E4E68')
((94, -32, 44), '#9BF8FAEB4EA8')
((94, -8, 44), '#F9ABDEE55044')
((94, -36, 48), '#919BFEF24548')
((94, -32, 48), '#A045FA8F4589')
((94, -8, 48), '#FDF8DE8A4725')
((94, -36, 52), '#95ACFE9B3CA9')
((94, -32, 52), '#A456FA383CEA')
((94, -36, 56), '#9982FE493487')
((94, -32, 56), '#A82DF9E734C7')
((94, -36, 60), '#9D20FDFC2CDD')
((94, -32, 60), '#ABCAF9992D1E')
((94, -12, 60), '#F92EE2742E72')
((94, -36, 64), '#A086FDB425A9')
((94, -12, 64), '#FC94E22C273E')
((94, -36, 68), '#A3B6FD701EE7')
((94, -12, 68), '#FFC5E1E8207B')
((94, -36, 72), '#A6B2FD301893')
((94, -36, 76), '#A97CFCF412A9')
((94, -36, 80), '#AC16FCBD0D26')
((94, -36, 84), '#AE81FC890806')
((94, -16, 84), '#FA88E5CD0954')
((94, -36, 88), '#B0BEFC5A0346')
((94, -16, 88), '#FCC6E59D0495')
((94, -16, 92), '#FED8E5710031')
((93, -36, -8), '#39DDFF4BF293')
((93, -32, -8), '#483EFAFEF2D2')
((93, -36, -4), '#41B5FEA3E1F3')
((93, -32, -4), '#5016FA56E232')
((93, -36, 0), '#493AFE03D201')
((93, -32, 0), '#579BF9B6D240')
((93, -36, 4), '#5070FD69C2B9')
((93, 8, 4), '#FD98C9A0C5B2')
((93, -36, 8), '#5757FCD6B417')
((93, -36, 12), '#5DF1FC49A619')
((93, 4, 12), '#F9F5CDA0A8C6')
((93, -40, 16), '#5622FFFB987B')
((93, -36, 16), '#6440FBC298B9')
((93, -40, 20), '#5C27FF7B8BB8')
((93, -36, 20), '#6A45FB428BF6')
((93, -40, 24), '#61E5FF007F8C')
((93, -36, 24), '#7003FAC77FCA')
((93, 0, 24), '#FB2DD129822E')
((93, -40, 28), '#675DFE8B73F5')
((93, -36, 28), '#757BFA537433')
((93, -40, 32), '#6C90FE1C68EE')
((93, -36, 32), '#7AAEF9E4692C')
((93, -40, 36), '#7181FDB35E75')
((93, -36, 36), '#7F9FF97A5EB3')
((93, -4, 36), '#FA38D4D060CE')
((93, -40, 40), '#7631FD4F5485')
((93, -4, 40), '#FEE8D46C56DE')
((93, -40, 44), '#7AA2FCF04B1B')
((93, -40, 48), '#7ED5FC974233')
((93, -40, 52), '#82CDFC4239CB')
((93, -8, 52), '#FB3AD83E3BDC')
((93, -40, 56), '#868BFBF231DD')
((93, -8, 56), '#FEF8D7EE33EE')
((93, -44, 60), '#7C34FFCC2A29')
((93, -40, 60), '#8A10FBA72A66')
((93, -44, 64), '#7F83FF852327')
((93, -40, 64), '#8D5EFB612364')
((93, -44, 68), '#829DFF431C94')
((93, -40, 68), '#9078FB1E1CD1')
((93, -44, 72), '#8583FF05166E')
((93, -40, 72), '#935EFAE116AB')
((93, -12, 72), '#FBCADBA61876')
((93, -44, 76), '#8838FECC10B1')
((93, -40, 76), '#9613FAA710EE')
((93, -12, 76), '#FE7FDB6C12B9')
((93, -44, 80), '#8ABDFE960B5A')
((93, -40, 80), '#9899FA710B97')
((93, -44, 84), '#8D14FE640664')
((93, -40, 84), '#9AF0FA3F06A1')
((93, -44, 88), '#8F3FFE3601CC')
((93, -40, 88), '#9D1AFA110209')
((92, -40, -12), '#211FFD7EFD06')
((92, -36, -12), '#2EF6F95BFD43')
((92, -32, -12), '#3D0EF524FD81')
((92, -28, -12), '#4B6AF0D8FDC0')
((92, -24, -12), '#5A0AEC79FE00')
((92, -20, -12), '#68EEE805FE42')
((92, -16, -12), '#7817E37CFE84')
((92, -12, -12), '#8786DEDEFEC8')
((92, -8, -12), '#973CDA2CFF0D')
((92, -4, -12), '#A738D564FF53')
((92, 0, -12), '#B77CD087FF9B')
((92, 4, -12), '#C808CB94FFE4')
((92, -40, -8), '#2926FCD3EC02')
((92, -40, -4), '#30DBFC2FDBAD')
((92, 12, -4), '#F9B6C01DDF20')
((92, -44, 0), '#2AA9FFA1CBC9')
((92, -40, 0), '#383DFB91CC05')
((92, -44, 4), '#31BDFF0ABCC9')
((92, -40, 4), '#3F51FAFABD05')
((92, -44, 8), '#3882FE79AE6F')
((92, -40, 8), '#4616FA6AAEAA')
((92, 8, 8), '#FDD3C377B1D2')
((92, -44, 12), '#3EFCFDEFA0B5')
((92, -40, 12), '#4C90F9E0A0F1')
((92, -44, 16), '#452BFD6B9399')
((92, 4, 16), '#F9A7C77196B2')
((92, -44, 20), '#4B11FCED8718')
((92, 4, 20), '#FF8DC6F38A31')
((92, -44, 24), '#50B1FC757B2C')
((92, -44, 28), '#560BFC036FD4')
((92, 0, 28), '#F9FBCAFC72A4')
((92, -48, 32), '#4DCEFF9364D0')
((92, -44, 32), '#5B21FB97650B')
((92, 0, 32), '#FF12CA9067DB')
((92, -48, 36), '#52A3FF2C5A92')
((92, -44, 36), '#5FF6FB2F5ACD')
((92, -48, 40), '#5738FECA50DD')
((92, -44, 40), '#648BFACE5117')
((92, -48, 44), '#5B8EFE6D47AB')
((92, -44, 44), '#68E1FA7147E6')
((92, -4, 44), '#FC8DCE474A6F')
((92, -48, 48), '#5FA7FE163EFB')
((92, -44, 48), '#6CFAFA1A3F35')
((92, -48, 52), '#6386FDC336C7')
((92, -44, 52), '#70D8F9C73702')
((92, -48, 56), '#672BFD762F0D')
((92, -44, 56), '#747EF9792F48')
((92, -48, 60), '#6A98FD2C27C9')
((92, -8, 60), '#FB9BD1CE2A47')
((92, -48, 64), '#6DD0FCE820F7')
((92, -8, 64), '#FED3D18A2375')
((92, -48, 68), '#70D3FCA71A94')
((92, -48, 72), '#73A4FC6B149C')
((92, -48, 76), '#7644FC330F0B')
((92, -52, 80), '#6BA3FFE809A5')
((92, -48, 80), '#78B5FBFF09DE')
((92, -12, 80), '#FA03D5540C16')
((92, -52, 84), '#6DE7FFB804D8')
((92, -48, 84), '#7AF9FBCF0511')
((92, -12, 84), '#FC47D5240749')
((92, -52, 88), '#6FFFFF8B0067')
((92, -48, 88), '#7D11FBA200A1')
((92, -12, 88), '#FE5FD4F702D9')
((91, -48, -12), '#0463FECAF610')
((91, -44, -12), '#1170FAE3F649')
((91, 8, -12), '#D2FAC102F99B')
((91, 12, -12), '#E3C9BBFBF9E5')
((91, 16, -12), '#F4E2B6DEFA30')
((91, -48, -8), '#0C47FE22E557')
((91, -44, -8), '#1954FA3BE591')
((91, 16, -8), '#FCC5B636E978')
((91, -48, -4), '#13D7FD80D54E')
((91, -44, -4), '#20E4F999D587')
((91, -48, 0), '#1B18FCE6C5EE')
((91, 12, 0), '#FA7EBA17C9C4')
((91, -48, 4), '#2209FC52B736')
((91, -52, 8), '#1BE1FF98A8E9')
((91, -48, 8), '#28AEFBC4A921')
((91, -52, 12), '#223AFF109B74')
((91, -48, 12), '#2F07FB3C9BAC')
((91, 8, 12), '#FD9EBD749F38')
((91, -52, 16), '#284AFE8F8E9B')
((91, -48, 16), '#3517FABB8ED3')
((91, -52, 20), '#2E11FE14825A')
((91, -48, 20), '#3ADEFA408293')
((91, -52, 24), '#3393FD9E76AF')
((91, -48, 24), '#4060F9CA76E7')
((91, 4, 24), '#FE70C0F37A2A')
((91, -52, 28), '#38CFFD2F6B95')
((91, -48, 28), '#459CF95B6BCD')
((91, -52, 32), '#3DC9FCC46108')
((91, -52, 36), '#4282FC605705')
((91, 0, 36), '#FD21C4905A39')
((91, -56, 40), '#3A6EFFC14D52')
((91, -52, 40), '#46FCFC004D89')
((91, -56, 44), '#3EAAFF674459')
((91, -52, 44), '#4B37FBA64490')
((91, -56, 48), '#42AAFF123BDE')
((91, -52, 48), '#4F37FB513C16')
((91, -4, 48), '#F9E0C8473F03')
((91, -56, 52), '#466FFEC133E0')
((91, -52, 52), '#52FDFB003417')
((91, -4, 52), '#FDA5C7F73705')
((91, -56, 56), '#49FCFE752C59')
((91, -52, 56), '#568AFAB42C90')
((91, -56, 60), '#4D52FE2E2547')
((91, -52, 60), '#59E0FA6D257E')
((91, -56, 64), '#5073FDEB1EA5')
((91, -52, 64), '#5D00FA2A1EDC')
((91, -56, 68), '#5360FDAD1870')
((91, -52, 68), '#5FEEF9EC18A7')
((91, -8, 68), '#FAE7CB931B50')
((91, -56, 72), '#561CFD7312A5')
((91, -52, 72), '#62AAF9B212DC')
((91, -8, 72), '#FDA2CB591585')
((91, -56, 76), '#58A8FD3C0D40')
((91, -52, 76), '#6535F97B0D77')
((91, -56, 80), '#5B05FD0A083C')
((91, -56, 84), '#5D36FCDB0398')
((90, 20, -12), '#FF90AC83F403')
((90, -52, -4), '#0544FAA4CF48')
((90, 16, -4), '#FDABB05AD38C')
((90, -56, 0), '#0019FDB9BFFC')
((90, -52, 0), '#0C63FA0CC032')
((90, -56, 4), '#06E9FD27B18A')
((90, -52, 4), '#1333F97AB1C0')
((90, 12, 4), '#FAD0B436B5BA')
((90, -56, 8), '#0D6DFC9CA3BB')
((90, -60, 12), '#079AFFB29654')
((90, -56, 12), '#13A6FC179689')
((90, -60, 16), '#0D8BFF3389BD')
((90, -56, 16), '#1996FB9989F2')
((90, 8, 16), '#FCFDB7978DDA')
((90, -60, 20), '#1334FEBA7DBE')
((90, -56, 20), '#1F3FFB207DF3')
((90, -60, 24), '#1897FE477251')
((90, -56, 24), '#24A3FAAD7286')
((90, -60, 28), '#1DB7FDDA6774')
((90, -56, 28), '#29C3FA4067A9')
((90, 4, 28), '#FCF1BB186B49')
((90, -60, 32), '#2295FD725D24')
((90, -56, 32), '#2EA1F9D85D59')
((90, -60, 36), '#2732FD10535C')
((90, -56, 36), '#333EF9755390')
((90, -60, 40), '#2B91FCB24A18')
((90, 0, 40), '#FAD9BEB54DA7')
((90, -64, 44), '#23E4FFE24122')
((90, -60, 44), '#2FB2FC5A4156')
((90, 0, 44), '#FEFBBE5D44E5')
((90, -64, 48), '#27CBFF8F38DE')
((90, -60, 48), '#3399FC073912')
((90, -64, 52), '#2B78FF403113')
((90, -60, 52), '#3746FBB93147')
((90, -64, 56), '#2EEDFEF729BF')
((90, -60, 56), '#3ABBFB6F29F3')
((90, -4, 56), '#FA59C2212D3D')
((90, -64, 60), '#322CFEB122DE')
((90, -60, 60), '#3DFAFB2A2312')
((90, -4, 60), '#FD98C1DC265B')
((90, -64, 64), '#3536FE711C6B')
((90, -60, 64), '#4104FAE91C9F')
((90, -64, 68), '#380EFE341665')
((90, -60, 68), '#43DCFAAC1698')
((90, -64, 72), '#3AB5FDFB10C6')
((90, -60, 72), '#4683FA7310FA')
((90, -64, 76), '#3D2CFDC70B8B')
((90, -60, 76), '#48FAFA3F0BBF')
((90, -8, 76), '#F934C58B0EC5')
((90, -64, 80), '#3F76FD9606B1')
((90, -60, 80), '#4B44FA0E06E5')
((90, -8, 80), '#FB7EC55A09EB')
((90, -64, 84), '#4194FD690234')
((90, -60, 84), '#4D62F9E10268')
((90, -8, 84), '#FD9CC52D056E')
((90, -8, 88), '#FF90C503014B')
((89, -44, -16), '#0582EE8EFA6C')
((89, -40, -16), '#1245EABDFAA4')
((89, -36, -16), '#1F48E6D9FADD')
((89, -32, -16), '#2C8CE2E1FB18')
((89, -28, -16), '#3A11DED6FB53')
((89, -24, -16), '#47D8DAB8FB90')
((89, -20, -16), '#55E1D685FBCD')
((89, -16, -16), '#642DD23FFC0C')
((89, -12, -16), '#72BDCDE4FC4C')
((89, -8, -16), '#8191C974FC8D')
((89, -4, -16), '#90AAC4F0FCD0')
((89, 0, -16), '#A009C058FD13')
((89, 4, -16), '#AFAEBBAAFD58')
((89, 8, -16), '#BF9AB6E7FD9E')
((89, 12, -16), '#CFCDB20FFDE5')
((89, 16, -16), '#E048AD21FE2E')
((89, 20, -16), '#F10BA81EFE77')
((89, 16, 0), '#FE1AAAA5BEF6')
((89, 12, 8), '#FAB2AE7CA2F7')
((89, -64, 16), '#002DFBFA8532')
((89, -64, 20), '#05B7FB837973')
((89, 8, 20), '#FBF4B1DF7DAD')
((89, -64, 24), '#0AFEFB136E45')
((89, -68, 28), '#04B0FE0A6373')
((89, -64, 28), '#1001FAA863A5')
((89, -68, 32), '#0972FDA5595D')
((89, -64, 32), '#14C2FA42598F')
((89, 4, 32), '#FB14B5615D83')
((89, -68, 36), '#0DF4FD444FCF')
((89, -64, 36), '#1945F9E25001')
((89, 4, 36), '#FF96B50153F5')
((89, -68, 40), '#1238FCE946C4')
((89, -64, 40), '#1D89F98746F5')
((89, -72, 44), '#0B2CFFE43E08')
((89, -68, 44), '#1640FC933E38')
((89, -72, 48), '#0EF9FF9335F8')
((89, -68, 48), '#1A0EFC423629')
((89, 0, 48), '#FC0AB8AD3A0A')
((89, -72, 52), '#128EFF462E61')
((89, -68, 52), '#1DA2FBF62E92')
((89, 0, 52), '#FF9FB8603273')
((89, -72, 56), '#15EBFEFE273F')
((89, -68, 56), '#2100FBAE276F')
((89, -72, 60), '#1913FEBB208E')
((89, -68, 60), '#2428FB6B20BE')
((89, -72, 64), '#1C08FE7C1A4A')
((89, -68, 64), '#271CFB2C1A7B')
((89, -4, 64), '#F9BABC2F1E18')
((89, -72, 68), '#1ECAFE411471')
((89, -68, 68), '#29DFFAF114A1')
((89, -4, 68), '#FC7DBBF4183F')
((89, -72, 72), '#215CFE0A0EFD')
((89, -68, 72), '#2C71FABA0F2E')
((89, -4, 72), '#FF0FBBBD12CC')
((89, -72, 76), '#23C0FDD709ED')
((89, -68, 76), '#2ED5FA870A1E')
((89, -72, 80), '#25F7FDA8053C')
((89, -68, 80), '#310BFA58056C')
((89, -72, 84), '#2802FD7C00E6')
((89, -68, 84), '#3317FA2C0116')
((88, 24, -16), '#FB749E24F835')
((88, 20, -8), '#F9FAA1E0D78F')
((88, 16, 4), '#FE17A515ABAB')
((88, 12, 12), '#FA27A8E79171')
((88, 12, 16), '#FFDAA86D855D')
((88, 8, 24), '#FA89AC4C6EA6')
((88, 8, 28), '#FF70ABE46442')
((88, -72, 36), '#0152F9D74C8E')
((88, -72, 40), '#057CF97E43BA')
((88, 4, 40), '#FD08AF7647FA')
((88, -76, 48), '#0284FC07335B')
((88, -76, 52), '#0601FBBD2BF6')
((88, -76, 56), '#0947FB772505')
((88, 0, 56), '#FC15B2DA2930')
((88, -80, 60), '#01F7FE501E56')
((88, -76, 60), '#0C59FB351E84')
((88, 0, 60), '#FF27B29822AF')
((88, -80, 64), '#04D6FE131841')
((88, -76, 64), '#0F37FAF8186F')
((88, -80, 68), '#0784FDDA1294')
((88, -76, 68), '#11E5FABF12C2')
((88, -80, 72), '#0A01FDA40D4C')
((88, -76, 72), '#1463FA8A0D79')
((88, -80, 76), '#0C52FD730865')
((88, -76, 76), '#16B3FA580892')
((88, -4, 76), '#FA6DB63E0C7B')
((88, -80, 80), '#0E75FD4503DB')
((88, -76, 80), '#18D7FA2B0409')
((88, -4, 80), '#FC91B61007F1')
((88, -4, 84), '#FE8AB5E603C2')
((87, -40, -20), '#0651DF00FEB8')
((87, -36, -20), '#12CBDB44FEEF')
((87, -32, -20), '#1F85D776FF27')
((87, -28, -20), '#2C7ED395FF60')
((87, -24, -20), '#39B7CFA1FF9A')
((87, -20, -20), '#4732CB99FFD5')
((87, 24, -12), '#FC9498B9E18B')
((87, 20, -4), '#FA829C71C2CF')
((87, 16, 8), '#FDA59FAA99A2')
((87, 12, 20), '#FE84A30575DC')
((87, 8, 32), '#FD4BA67C571B')
((87, 4, 44), '#FA2AAA0D3CFD')
((87, 4, 48), '#FDC6A9C03556')
((87, 0, 64), '#FB11AD3A1AE7')
((87, 0, 68), '#FDA9AD021565')
((87, -84, 76), '#0083F9B8071C')
((87, -84, 80), '#0294F98C02BA')
((86, -16, -20), '#5191C1EDF97F')
((86, -12, -20), '#5F48BDD2F9BB')
((86, -8, -20), '#6D42B9A5F9F9')
((86, -4, -20), '#7B7EB563FA37')
((86, 0, -20), '#89FFB10CFA77')
((86, 4, -20), '#98C3ACA2FAB8')
((86, 8, -20), '#A7CCA823FAFA')
((86, 12, -20), '#B71AA38FFB3D')
((86, 16, -20), '#C6AF9EE6FB82')
((86, 20, -20), '#D68A9A28FBC7')
((86, 24, -20), '#E6AC9555FC0E')
((86, 28, -20), '#F716906CFC56')
((86, 28, -16), '#FEED8FC5EBB9')
((86, 24, -8), '#FD3B9374CC3D')
((86, 20, 0), '#FA979727AF5C')
((86, 16, 12), '#FCCA9A6488CF')
((86, 12, 24), '#FCCE9DC0677B')
((86, 8, 36), '#FAD1A1384AFD')
((86, 8, 40), '#FEC7A0E34296')
((86, 4, 52), '#FA4DA4812BF3')
((86, 4, 56), '#FD66A43F2563')
((86, 0, 72), '#F916A7CA0EF9')
((86, 0, 76), '#FB40A79C0A62')
((86, 0, 80), '#FD3FA7720626')
((86, 0, 84), '#FF15A74A0241')
((85, 28, -12), '#FFB38AA9D5DC')
((85, 24, -4), '#FD6D8E53B840')
((85, 20, 4), '#FA3D92019D2A')
((85, 16, 16), '#FB8A95417928')
((85, 12, 28), '#FABE989E5A30')
((85, 12, 32), '#FF1398425101')
((85, 8, 44), '#FBA99BC83827')
((85, 8, 48), '#FF169B7F30E5')
((85, 4, 60), '#F9609F271D7D')
((85, 4, 64), '#FBFF9EEF17ED')
((85, 4, 68), '#FE6F9EBB12C2')
((84, -36, -24), '#0518CA57FC55')
((84, -32, -24), '#1107C6C5FC89')
((84, -28, -24), '#1D34C321FCBF')
((84, -24, -24), '#299FBF6AFCF5')
((84, -20, -24), '#3649BBA1FD2D')
((84, -16, -24), '#4334B7C4FD66')
((84, -12, -24), '#505EB3D4FD9F')
((84, -8, -24), '#5DCAAFD0FDDA')
((84, -4, -24), '#6B77ABB9FE16')
((84, 0, -24), '#7966A78FFE54')
((84, 4, -24), '#8798A350FE92')
((84, 8, -24), '#960E9EFDFED2')
((84, 12, -24), '#A4C79A95FF12')
((84, 16, -24), '#B3C6961AFF54')
((84, 20, -24), '#C3099189FF97')
((84, 24, -24), '#D2938CE3FFDC')
((84, 32, -20), '#FA5C82B1EFB3')
((84, 24, 0), '#FD2E8956A589')
((84, 20, 8), '#F9798CFF8C31')
((84, 20, 12), '#FEFA8C8A8088')
((84, 16, 20), '#F9EA90416AA3')
((84, 16, 24), '#FEA28FDC60A3')
((84, 12, 36), '#FC5693494578')
((84, 8, 52), '#FB62968B2805')
((84, 8, 56), '#FE4E964C21D3')
((84, 4, 72), '#F9AB99CE0CC1')
((84, 4, 76), '#FBB099A30879')
((84, 4, 80), '#FD8C997B0489')
((84, 4, 84), '#FF40995700EB')
((83, 28, -24), '#DC4983D4F98B')
((83, 32, -24), '#EC137F1BF9D1')
((83, 36, -24), '#FC257A4CFA17')
((83, 32, -16), '#FB3E7DD7D9AA')
((83, 28, -8), '#F95F8167BBE2')
((83, 28, -4), '#FFE280DCAE16')
((83, 24, 4), '#FC84847D940F')
((83, 20, 16), '#FD6F87B3718A')
((83, 16, 28), '#FC4D8B0653F3')
((83, 12, 40), '#F94A8E723AE8')
((83, 12, 44), '#FCBE8E293396')
((83, 12, 48), '#FFFC8DE42CB6')
((83, 8, 60), '#FA12917F1A64')
((83, 8, 64), '#FC89914B152B')
((83, 8, 68), '#FED2911A1053')
((82, 36, -20), '#FD29759AE37E')
((82, 32, -12), '#FBA97921C4F8')
((82, 28, 0), '#FF537C2B9C18')
((82, 24, 8), '#FB747FC683C5')
((82, 20, 20), '#FB8882FE63A7')
((82, 16, 32), '#F9A486514848')
((82, 16, 36), '#FD708600403B')
((82, 12, 52), '#FC10893A2455')
((82, 12, 56), '#FED188FF1E7E')
((82, 8, 72), '#F9DF8C760ABB')
((82, 8, 76), '#FBC08C4E06BE')
((82, 8, 80), '#FD7A8C290316')
((81, -32, -28), '#03ABB6FDF9D7')
((81, -28, -28), '#0F13B394FA09')
((81, -24, -28), '#1AB6B019FA3D')
((81, -20, -28), '#2697AC8BFA71')
((81, -16, -28), '#32B5A8ECFAA6')
((81, -12, -28), '#3F12A539FADC')
((81, -8, -28), '#4BAEA174FB14')
((81, -4, -28), '#58899D9CFB4C')
((81, 0, -28), '#65A599B0FB86')
((81, 4, -28), '#730195B1FBC1')
((81, 8, -28), '#809F919FFBFC')
((81, 12, -28), '#8E7E8D78FC39')
((81, 16, -28), '#9CA1893EFC77')
((81, 20, -28), '#AB0784F0FCB7')
((81, 24, -28), '#B9B1808DFCF7')
((81, 28, -28), '#C89F7C16FD39')
((81, 32, -28), '#D7D2778BFD7C')
((81, 36, -28), '#E74B72EAFDC0')
((81, 40, -28), '#F70B6E34FE05')
((81, 40, -24), '#FED46D8EED83')
((81, 36, -16), '#FDB4710CCE3E')
((81, 32, -8), '#FBA2748FB192')
((81, 28, 4), '#FE5B779C8B50')
((81, 24, 12), '#FA007B3174A2')
((81, 24, 16), '#FEE67AC96A41')
((81, 20, 24), '#F9477E6A56D5')
((81, 20, 28), '#FD707E124E03')
((81, 16, 40), '#FA2781733635')
((81, 16, 44), '#FD6D812D2F46')
((81, 12, 60), '#FA62847B1784')
((81, 12, 64), '#FCB28449129E')
((81, 12, 68), '#FED5841C0E16')
((80, 40, -20), '#FF816926D7B5')
((80, 36, -12), '#FDCC6CA0BA4F')
((80, 32, -4), '#FB2C701E9F6D')
((80, 28, 8), '#FCFF732F7BB3')
((80, 24, 20), '#FCB9765D5CFD')
((80, 20, 32), '#FA8879A642EA')
((80, 20, 36), '#FE2379593B45')
((80, 16, 48), '#F9937CC626C8')
((80, 16, 52), '#FC5B7C8A20E2')
((80, 16, 56), '#FEF37C531B62')
((80, 12, 72), '#F9B57FC008E3')
((80, 12, 76), '#FB757F9B052F')
((80, 12, 80), '#FD0D7F7901CC')
((79, -28, -32), '#03A2A9EBFDCD')
((79, -24, -32), '#0EC4A697FDFE')
((79, -20, -32), '#1A22A330FE30')
((79, -16, -32), '#25BC9FB8FE63')
((79, -12, -32), '#31939C2EFE97')
((79, -8, -32), '#3DA89891FECC')
((79, -4, -32), '#49FB94E1FF02')
((79, 0, -32), '#568D911FFF39')
((79, 4, -32), '#635E8D49FF72')
((79, 8, -32), '#70708961FFAB')
((79, 12, -32), '#7DC28565FFE6')
((79, 44, -28), '#F98D6210F149')
((79, 40, -16), '#FFB864E1C33B')
((79, 36, -8), '#FD736856A7A6')
((79, 32, 0), '#FA4E6BCF8E7F')
((79, 32, 4), '#FFC46B5B82ED')
((79, 28, 12), '#FB446EE26D37')
((79, 28, 16), '#FFF26E7F634C')
((79, 24, 24), '#FA37721250C4')
((79, 24, 28), '#FE2C71BD485F')
((79, 20, 40), '#FAA0751331C6')
((79, 20, 44), '#FDB874D12B38')
((79, 16, 60), '#FA53781614D9')
((79, 16, 64), '#FC7C77E81044')
((79, 16, 68), '#FE7B77BD0C0A')
((78, 16, -32), '#86E27D2EF989')
((78, 20, -32), '#94717920F9C5')
((78, 24, -32), '#A24174FEFA01')
((78, 28, -32), '#B05470C9FA3F')
((78, 32, -32), '#BEAA6C7FFA7E')
((78, 36, -32), '#CD446822FABE')
((78, 40, -32), '#DC2263AFFB00')
((78, 44, -32), '#EB465F28FB42')
((78, 48, -32), '#FAAF5A8DFB86')
((78, 44, -24), '#FA575DE7DB51')
((78, 40, -12), '#FF7E60BDB00B')
((78, 36, -4), '#FCB0642E9637')
((78, 32, 8), '#FE20673573F9')
((78, 28, 20), '#FD826A5A56A3')
((78, 24, 32), '#FB066D993DD4')
((78, 24, 36), '#FE726D503694')
((78, 20, 48), '#F9A870B12335')
((78, 20, 52), '#FC4770791DA8')
((78, 20, 56), '#FEB67045187E')
((78, 16, 72), '#F93273A70738')
((78, 16, 76), '#FAD0738503CA')
((78, 16, 80), '#FC49736500AA')
((77, 48, -28), '#FB9C5688E4FD')
((77, 44, -20), '#FAAB59DFC6AF')
((77, 40, -8), '#FED85CBA9E1B')
((77, 36, 0), '#FB87602685F9')
((77, 32, 12), '#FC1F6330661F')
((77, 28, 24), '#FAC066554AFF')
((77, 28, 28), '#FE8466054304')
((77, 24, 40), '#FAB769502D99')
((77, 24, 44), '#FDA269122768')
((77, 20, 60), '#F9E86C4D1261')
((77, 20, 64), '#FBEC6C220E1B')
((77, 20, 68), '#FDC76BFA0A2C')
((77, 20, 72), '#FF7B6BD60690')
((76, -24, -36), '#01C698B3FB15')
((76, -20, -36), '#0C659586FB44')
((76, -16, -36), '#173E9247FB74')
((76, -12, -36), '#22528EF7FBA4')
((76, -8, -36), '#2DA28B95FBD6')
((76, -4, -36), '#392E8821FC09')
((76, 0, -36), '#44F7849BFC3D')
((76, 4, -36), '#50FE8102FC71')
((76, 8, -36), '#5D427D57FCA7')
((76, 12, -36), '#69C57999FCDE')
((76, 16, -36), '#768875C8FD16')
((76, 20, -36), '#838A71E4FD50')
((76, 24, -36), '#90CD6DEDFD8A')
((76, 28, -36), '#9E5269E2FDC5')
((76, 32, -36), '#AC1865C4FE02')
((76, 36, -36), '#BA206191FE3F')
((76, 40, -36), '#C86C5D4BFE7E')
((76, 44, -36), '#D6FB58F0FEBE')
((76, 48, -36), '#E5CF5481FEFF')
((76, 52, -36), '#F4E84FFDFF42')
((76, 52, -32), '#FCA44F58EEDB')
((76, 48, -24), '#FC1252A6CFCE')
((76, 44, -16), '#FA8D55F9B357')
((76, 40, -4), '#FDC958D88D5F')
((76, 36, 4), '#F9FC5C3F76E1')
((76, 36, 8), '#FED85BD76C95')
((76, 32, 16), '#F9C75F4A5955')
((76, 32, 20), '#FDE75EF25097')
((76, 28, 32), '#FB2362263904')
((76, 28, 36), '#FE6061E13226')
((76, 24, 48), '#F96065361FDE')
((76, 24, 52), '#FBD565011AA6')
((76, 24, 56), '#FE1E64D115D0')
((76, 20, 76), '#F9D56808028D')
((75, 56, -36), '#FD6E4855F8ED')
((75, 52, -28), '#FD3D4B9AD91E')
((75, 48, -20), '#FC154EE4BBEE')
((75, 44, -12), '#FA035233A140')
((75, 44, -8), '#FFD251B794EF')
((75, 40, 0), '#FC5855167DCD')
((75, 36, 12), '#FC9558175F5A')
((75, 32, 24), '#FAE75B324584')
((75, 32, 28), '#FE7A5AE63DF1')
((75, 28, 40), '#FA6F5E2529AA')
((75, 28, 44), '#FD305DEB23D4')
((75, 28, 48), '#FFC05DB41E65')
((75, 24, 60), '#F924611C101C')
((75, 24, 64), '#FB0460F40C21')
((75, 24, 68), '#FCBD60CF087A')
((75, 24, 72), '#FE5160AE0523')
((75, 24, 76), '#FFC0608F021A')
((74, -20, -40), '#01398D17FEDB')
((74, -16, -40), '#0B9589FDFF09')
((74, -12, -40), '#162B86D3FF37')
((74, -8, -40), '#20FB8397FF67')
((74, -4, -40), '#2C06804AFF97')
((74, 0, -40), '#374C7CEAFFC9')
((74, 4, -40), '#42CF7979FFFB')
((74, 56, -32), '#FE2B44BBE29F')
((74, 52, -24), '#FD6147FCC4B4')
((74, 48, -16), '#FBA94B43A952')
((74, 44, -4), '#FE7A4E1A84E2')
((74, 40, 4), '#FA8751736F5A')
((74, 40, 8), '#FF2B51106584')
((74, 36, 16), '#F9FC54755328')
((74, 36, 20), '#FDE954214AD6')
((74, 32, 32), '#FAE1574A3477')
((74, 32, 36), '#FDF057092DF9')
((74, 28, 52), '#FB0B5A2117DB')
((74, 28, 56), '#FD2D59F31355')
((74, 28, 60), '#FF2559C90F28')
((73, 8, -40), '#4B5C7211F994')
((73, 12, -40), '#57176E8FF9C7')
((73, 16, -40), '#630F6AFBF9FC')
((73, 20, -40), '#6F456754FA31')
((73, 24, -40), '#7BB9639AFA68')
((73, 28, -40), '#886D5FCEFAA0')
((73, 32, -40), '#95615BEEFAD9')
((73, 36, -40), '#A29557FCFB13')
((73, 40, -40), '#B00A53F5FB4E')
((73, 44, -40), '#BDC14FDBFB8A')
((73, 48, -40), '#CBBA4BAEFBC8')
((73, 52, -40), '#D9F6476CFC06')
((73, 56, -40), '#E8754316FC46')
((73, 60, -40), '#F7393EABFC87')
((73, 60, -36), '#FEDD3E08EC53')
((73, 56, -28), '#FE724141CDAA')
((73, 52, -20), '#FD15447EB193')
((73, 48, -12), '#FAD347C197F1')
((73, 44, 0), '#FCC34A9B75F9')
((73, 40, 12), '#FCA84D9358E4')
((73, 36, 24), '#FAAE50A44051')
((73, 36, 28), '#FE11505C3923')
((73, 32, 40), '#F9CC539025F9')
((73, 32, 44), '#FC635359207C')
((73, 32, 48), '#FECC53251B61')
((73, 28, 64), '#F9C8565B0A54')
((73, 28, 68), '#FB61563906F3')
((73, 28, 72), '#FCD4561A03DF')
((73, 28, 76), '#FE2555FE0114')
((72, 64, -40), '#FF533782F63A')
((72, 60, -32), '#FF483AB1D6D1')
((72, 56, -24), '#FE463DE6BA02')
((72, 52, -16), '#FC5C41209FB0')
((72, 48, -8), '#F997445E87BF')
((72, 48, -4), '#FEC743EF7CC0')
((72, 44, 4), '#FAAF473A6829')
((72, 44, 8), '#FF1D46DC5EC6')
((72, 40, 16), '#F9D24A334D47')
((72, 40, 20), '#FD8D49E34560')
((72, 36, 32), '#FA434D02302C')
((72, 36, 36), '#FD274CC42A0C')
((72, 36, 40), '#FFD94C8A2454')
((72, 32, 52), '#F9EA4FD31545')
((72, 32, 56), '#FBE84FA9110C')
((72, 32, 60), '#FDBD4F820D2A')
((72, 32, 64), '#FF6B4F5E099B')
((71, -12, -44), '#08D97AEFFC18')
((71, -8, -44), '#12EF77EBFC45')
((71, -4, -44), '#1D3D74D6FC72')
((71, 0, -44), '#27C671AFFCA0')
((71, 4, -44), '#32886E77FCCF')
((71, 8, -44), '#3D856B2EFD00')
((71, 12, -44), '#48BE67D3FD31')
((71, 16, -44), '#54336466FD63')
((71, 20, -44), '#5FE460E7FD97')
((71, 24, -44), '#6BD25D55FDCB')
((71, 28, -44), '#77FF59B1FE01')
((71, 32, -44), '#846A55FBFE37')
((71, 36, -44), '#91135231FE6F')
((71, 40, -44), '#9DFD4E55FEA8')
((71, 44, -44), '#AB274A65FEE1')
((71, 48, -44), '#B8924662FF1C')
((71, 52, -44), '#C63F424BFF59')
((71, 56, -44), '#D42D3E20FF96')
((71, 60, -44), '#E25F39E1FFD4')
((71, 64, -36), '#FFE2344DE029')
((71, 60, -28), '#FF3E3779C29F')
((71, 56, -20), '#FDAE3AABA79C')
((71, 52, -12), '#FB3D3DE08F01')
((71, 48, 0), '#FCCC40B26E7C')
((71, 44, 12), '#FC5B43A052BE')
((71, 40, 24), '#FA1A46A73B65')
((71, 40, 28), '#FD4F46633499')
((71, 36, 44), '#FB4049581D5C')
((71, 36, 48), '#FD8249281894')
((71, 36, 52), '#FF9848FB1428')
((71, 32, 68), '#F9B44C340595')
((71, 32, 72), '#FB094C1802C0')
((71, 32, 76), '#FC3E4BFE0033')
((70, 64, -44), '#EA463307F974')
((70, 68, -44), '#F8B52EB6F9B3')
((70, 64, -32), '#FFFC3138CB6D')
((70, 60, -24), '#FEC63460AFB5')
((70, 56, -16), '#FCAC378D966E')
((70, 52, -8), '#F9BC3ABE7F7C')
((70, 52, -4), '#FEB23A5474F6')
((70, 48, 4), '#FA783D92614A')
((70, 48, 8), '#FEB13D385858')
((70, 44, 16), '#F94B408147B2')
((70, 44, 20), '#FCD540364031')
((70, 40, 32), '#F94C43492C21')
((70, 40, 36), '#FC06430F265B')
((70, 40, 40), '#FE8F42D920FB')
((70, 36, 56), '#FA5145EE0EF2')
((70, 36, 60), '#FC0445C90B58')
((70, 36, 64), '#FD9245A8080E')
((70, 36, 68), '#FEFB458A0510')
((69, -8, -48), '#079370C6FFAF')
((69, -4, -48), '#11686DD5FFDB')
((69, 68, -40), '#F9662BB8E379')
((69, 64, -28), '#FFA52E40B7FC')
((69, 60, -20), '#FDE331659E07')
((69, 56, -12), '#FB46348E866E')
((69, 52, 0), '#FC7637576753')
((69, 48, 12), '#FBB33A3C4CE3')
((69, 48, 16), '#FF5D39EE451F')
((69, 44, 24), '#F92C3D3936BD')
((69, 44, 28), '#FC343CF83050')
((69, 44, 32), '#FF093CBC2A4F')
((69, 40, 44), '#F9CA3FE51A73')
((69, 40, 48), '#FBE63FB815FB')
((69, 40, 52), '#FDD73F8F11DC')
((69, 40, 56), '#FFA13F690E12')
((69, 36, 72), '#F8F342A301C6')
((68, 0, -48), '#19686731F969')
((68, 4, -48), '#23716431F995')
((68, 8, -48), '#2DB3611FF9C2')
((68, 12, -48), '#382D5DFDF9F0')
((68, 16, -48), '#42E25AC9FA1F')
((68, 20, -48), '#4DD25784FA4F')
((68, 24, -48), '#58FD542DFA80')
((68, 28, -48), '#646350C4FAB2')
((68, 32, -48), '#70064D4AFAE5')
((68, 36, -48), '#7BE649BCFB1A')
((68, 40, -48), '#8804461DFB4F')
((68, 44, -48), '#9461426AFB85')
((68, 48, -48), '#A0FC3EA5FBBD')
((68, 52, -48), '#ADD63ACDFBF5')
((68, 56, -48), '#BAF136E2FC2F')
((68, 60, -48), '#C84D32E3FC69')
((68, 64, -48), '#D5EA2ED1FCA5')
((68, 68, -48), '#E3CA2AABFCE2')
((68, 72, -48), '#F1EC2671FD20')
((68, 72, -44), '#F98325CFED08')
((68, 68, -36), '#F9A128D9CE95')
((68, 64, -24), '#FEE22B67A5CC')
((68, 60, -16), '#FC9A2E878D8B')
((68, 56, -8), '#F98131AB7791')
((68, 56, -4), '#FE3F31466D82')
((68, 52, 4), '#F9E434775ABD')
((68, 52, 8), '#FDE934215238')
((68, 48, 20), '#FBC537143B49')
((68, 48, 24), '#FEEA36D1349E')
((68, 44, 36), '#FA9139E622E6')
((68, 44, 40), '#FCF239B31DDB')
((68, 44, 44), '#FF263984192E')
((68, 40, 60), '#F9FF3C9D09B2')
((68, 40, 64), '#FB6D3C7E06A9')
((68, 40, 68), '#FCB93C6303EA')
((68, 40, 72), '#FDE43C4A0170')
((67, 76, -48), '#F966200FF6C9')
((67, 72, -40), '#F9E42310D797')
((67, 68, -32), '#F96B2617BAFE')
((67, 68, -28), '#FFAA2592ADBF')
((67, 64, -20), '#FDB828AA94D2')
((67, 60, -12), '#FAF02BC67E36')
((67, 60, -8), '#FFD42B5E73D9')
((67, 56, 0), '#FBC52E87607D')
((67, 56, 4), '#FFEB2E2E57B0')
((67, 52, 12), '#FAB331634753')
((67, 52, 16), '#FE2D31193FF5')
((67, 48, 28), '#FAC534182C47')
((67, 48, 32), '#FD7033DF269F')
((67, 48, 36), '#FFEB33AA215C')
((67, 44, 48), '#F9FB36D31394')
((67, 44, 52), '#FBCA36AC0FBF')
((67, 44, 56), '#FD7136890C3C')
((67, 44, 60), '#FEF436690909')
((66, -4, -52), '#0486639BFC8C')
((66, 0, -52), '#0DE060CFFCB5')
((66, 4, -52), '#17705DF2FCDF')
((66, 8, -52), '#21385B06FD0A')
((66, 12, -52), '#2B385808FD36')
((66, 16, -52), '#357154FAFD63')
((66, 20, -52), '#3FE351DAFD91')
((66, 24, -52), '#4A8F4EA9FDC0')
((66, 28, -52), '#55754B66FDF0')
((66, 32, -52), '#60974812FE21')
((66, 36, -52), '#6BF444ACFE53')
((66, 40, -52), '#778E4134FE85')
((66, 44, -52), '#83643DAAFEBA')
((66, 48, -52), '#8F793A0DFEEF')
((66, 52, -52), '#9BCB365EFF25')
((66, 56, -52), '#A85C329BFF5C')
((66, 60, -52), '#B52D2EC6FF94')
((66, 64, -52), '#C23E2ADEFFCE')
((66, 76, -44), '#F9ED1D71E0CB')
((66, 72, -36), '#F9D1206FC378')
((66, 68, -24), '#FE9F22F69C45')
((66, 64, -16), '#FC2B260A8504')
((66, 60, -4), '#FD7128C06663')
((66, 56, 8), '#FCC92B924C64')
((66, 52, 20), '#FA602E7C36A5')
((66, 52, 24), '#FD592E3C3058')
((66, 48, 40), '#FB0631161AF1')
((66, 48, 44), '#FD1530EA1693')
((66, 48, 48), '#FEFB30C2128E')
((66, 44, 64), '#F8FF33DD056B')
((66, 44, 68), '#FA2F33C302E8')
((66, 44, 72), '#FB3F33AD00A8')
((65, 68, -52), '#C99324C4F964')
((65, 72, -52), '#D6E020C9F99F')
((65, 76, -52), '#E46E1CBCF9DA')
((65, 80, -52), '#F23E189AFA17')
((65, 80, -48), '#F9BE17FAEA31')
((65, 76, -40), '#F9FF1AF0CC21')
((65, 72, -32), '#F9501DEBB09E')
((65, 72, -28), '#FF511D6BA3E5')
((65, 68, -20), '#FD3020768BFC')
((65, 64, -12), '#FA3F23867656')
((65, 64, -8), '#FEEB23226C6F')
((65, 60, 0), '#FABB263E59F8')
((65, 60, 4), '#FEAE25EA5197')
((65, 56, 12), '#F95D2910420C')
((65, 56, 16), '#FCA828CA3B11')
((65, 56, 20), '#FFBE28883487')
((65, 52, 28), '#F9052BBF287C')
((65, 52, 32), '#FB872B89232B')
((65, 52, 36), '#FDDB2B581E3C')
((65, 48, 52), '#F9712E500DD0')
((65, 48, 56), '#FAF92E2F0A91')
((65, 48, 60), '#FC5D2E12079F')
((65, 48, 64), '#FD9F2DF704F4')
((65, 48, 68), '#FEC12DDF028E')
((65, 48, 72), '#FFC42DC90069')
((64, 0, -56), '#02D55ABCFFF8')
((64, 84, -52), '#F95512ACF3C9')
((64, 80, -44), '#F9F61598D4FC')
((64, 76, -36), '#F9A2188BB8C2')
((64, 76, -32), '#FFCC1807ABB1')
((64, 72, -24), '#FE001B0B931E')
((64, 68, -16), '#FB611E127CD7')
((64, 64, -4), '#FC4C20C05F96')
((64, 60, 8), '#FB55238946DA')
((64, 60, 12), '#FEBF23403F9E')
((64, 56, 24), '#FB77262C2C52')
((64, 56, 28), '#FE1425F426C8')
((64, 52, 40), '#F8CD28FE183C')
((64, 52, 44), '#FAB928D5142A')
((64, 52, 48), '#FC7C28B0106E')
((64, 52, 52), '#FE19288D0D03')
((64, 52, 56), '#FF91286E09E6')
((63, 4, -56), '#0A4454D4F97D')
((63, 8, -56), '#135B521CF9A5')
((63, 12, -56), '#1CA84F54F9CE')
((63, 16, -56), '#262C4C7CF9F8')
((63, 20, -56), '#2FE74993FA23')
((63, 24, -56), '#39DA4699FA4F')
((63, 28, -56), '#4405438FFA7B')
((63, 32, -56), '#4E6A4073FAA9')
((63, 36, -56), '#59083D46FAD8')
((63, 40, -56), '#63E13A08FB07')
((63, 44, -56), '#6EF536B7FB38')
((63, 48, -56), '#7A443356FB6A')
((63, 52, -56), '#85D02FE2FB9C')
((63, 56, -56), '#91982C5CFBD0')
((63, 60, -56), '#9D9E28C3FC05')
((63, 64, -56), '#A9E22518FC3B')
((63, 68, -56), '#B664215AFC72')
((63, 72, -56), '#C3261D8AFCAA')
((63, 76, -56), '#D02819A6FCE3')
((63, 80, -56), '#DD6B15AFFD1D')
((63, 84, -56), '#EAEF11A4FD59')
((63, 88, -56), '#F8B40D86FD95')
((63, 84, -48), '#F9B51069DE07')
((63, 80, -40), '#F9BD1352C115')
((63, 76, -28), '#FE9B15C79A6C')
((63, 72, -20), '#FC4E18C68381')
((63, 68, -12), '#F9361BC96ECD')
((63, 68, -8), '#FDAB1B6A655A')
((63, 64, 0), '#F95C1E7953C1')
((63, 64, 4), '#FD1D1E284BCB')
((63, 60, 16), '#FAD220FF3672')
((63, 60, 20), '#FDBC20C03044')
((63, 56, 32), '#F95123B71FF0')
((63, 56, 36), '#FB7F23881B52')
((63, 56, 40), '#FD81235D170F')
((63, 56, 44), '#FF5B23361322')
((63, 52, 60), '#F981263D065B')
((63, 52, 64), '#FAA7262503EC')
((63, 52, 68), '#FBAF260F01BE')
((62, 92, -56), '#FF9407E2F735')
((62, 88, -52), '#F93C0B61E744')
((62, 84, -44), '#F9A10E41C998')
((62, 80, -36), '#F9161128AE72')
((62, 80, -32), '#FF0210AAA1E6')
((62, 76, -24), '#FD0813A18A55')
((62, 72, -16), '#FA3F169C7503')
((62, 72, -12), '#FED8163A6B44')
((62, 68, -4), '#FAD219425919')
((62, 68, 0), '#FEB518EF50DE')
((62, 64, 8), '#F9901C014199')
((62, 64, 12), '#FCCB1BBC3AC0')
((62, 64, 16), '#FFD21B7B3455')
((62, 60, 24), '#F9491E9E2889')
((62, 60, 28), '#FBBD1E692355')
((62, 60, 32), '#FE041E391E82')
((62, 56, 48), '#F9B7211E0E7C')
((62, 56, 52), '#FB3420FE0B54')
((62, 56, 56), '#FC8E20E20877')
((62, 56, 60), '#FDC620C805E1')
((62, 56, 64), '#FEDE20B0038E')
((62, 56, 68), '#FFD9209B017B')
((61, 8, -60), '#082A4CC0FCCB')
((61, 12, -60), '#11044A1AFCF2')
((61, 16, -60), '#1A124765FD1A')
((61, 20, -60), '#2357449FFD43')
((61, 24, -60), '#2CD241C9FD6C')
((61, 28, -60), '#36853EE3FD97')
((61, 32, -60), '#406F3BECFDC3')
((61, 36, -60), '#4A9138E4FDEF')
((61, 40, -60), '#54ED35CBFE1D')
((61, 44, -60), '#5F8232A1FE4B')
((61, 48, -60), '#6A522F65FE7B')
((61, 52, -60), '#755C2C18FEAB')
((61, 56, -60), '#80A228B9FEDD')
((61, 60, -60), '#8C252547FF0F')
((61, 64, -60), '#97E321C4FF43')
((61, 68, -60), '#A3E01E2FFF78')
((61, 72, -60), '#B01A1A87FFAD')
((61, 76, -60), '#BC9316CCFFE4')
((61, 92, -52), '#FFD205E4E14A')
((61, 88, -48), '#F94F0957D24B')
((61, 88, -44), '#FFF908C9C42B')
((61, 84, -40), '#F91F0C35B671')
((61, 84, -36), '#FF330BB4A98D')
((61, 80, -28), '#FD8E0EA39153')
((61, 76, -20), '#FB1611967B61')
((61, 76, -16), '#FFD311317155')
((61, 72, -8), '#FC1814315E97')
((61, 68, 4), '#FB3B16E74648')
((61, 68, 8), '#FE95169F3F2E')
((61, 64, 20), '#FB6D19792C41')
((61, 64, 24), '#FDFC194226D5')
((61, 60, 36), '#F8DA1C38189D')
((61, 60, 40), '#FABA1C1014A5')
((61, 60, 44), '#FC711BEC1100')
((61, 60, 48), '#FE031BCA0DAD')
((61, 60, 52), '#FF711BAC0AA5')
((60, 80, -60), '#C3551169F972')
((60, 84, -60), '#D0090D9DF9AA')
((60, 88, -60), '#DCFC09BDF9E3')
((60, 92, -60), '#EA2F05CBFA1D')
((60, 96, -60), '#F7A401C4FA58')
((60, 96, -56), '#FF170125EA8C')
((60, 92, -48), '#FF9C0401CCB2')
((60, 88, -40), '#FF3006E3B161')
((60, 84, -32), '#FDE009CB987D')
((60, 80, -24), '#FBBA0CB681E8')
((60, 76, -12), '#FD2C0F476439')
((60, 72, -4), '#F907124152EC')
((60, 72, 0), '#FCB811F34B19')
((60, 68, 12), '#FA8A14B63625')
((60, 68, 16), '#FD6514793017')
((60, 64, 28), '#F91D175C201C')
((60, 64, 32), '#FB3E172F1B98')
((60, 64, 36), '#FD341705176F')
((60, 64, 40), '#FF0216DE139B')
((60, 60, 56), '#F94A19D3072E')
((60, 60, 60), '#FA6719BB04D3')
((60, 60, 64), '#FB6519A602B7')
((60, 60, 68), '#FC47199300D8')
((59, 92, -44), '#FEF80239B964')
((59, 88, -36), '#FDFF05189FD2')
((59, 84, -28), '#FC2B07FB8898')
((59, 80, -20), '#F98A0AE27399')
((59, 80, -16), '#FE100A816A02')
((59, 76, -8), '#FA340D755824')
((59, 76, -4), '#FE050D24500C')
((59, 72, 4), '#F90C1021410E')
((59, 72, 8), '#FC380FDE3A55')
((59, 72, 12), '#FF300F9E340A')
((59, 68, 20), '#F8D612AD287C')
((59, 68, 24), '#FB3D12792365')
((59, 68, 28), '#FD76124A1EAD')
((59, 68, 32), '#FF85121E1A51')
((59, 64, 44), '#F945151D0F0C')
((59, 64, 48), '#FAB814FE0BFA')
((59, 64, 52), '#FC0814E20932')
((59, 64, 56), '#FD3614C906B0')
((59, 64, 60), '#FE4614B20471')
((59, 64, 64), '#FF38149E0270')
((58, 12, -64), '#04574276F966')
((58, 16, -64), '#0CBC3FF4F98B')
((58, 20, -64), '#15543D62F9B1')
((58, 24, -64), '#1E213AC0F9D8')
((58, 28, -64), '#2723380EF9FF')
((58, 32, -64), '#305B354CFA28')
((58, 36, -64), '#39CA327AFA51')
((58, 40, -64), '#436F2F98FA7C')
((58, 44, -64), '#4D4D2CA5FAA7')
((58, 48, -64), '#576229A1FAD3')
((58, 52, -64), '#61B0268CFB01')
((58, 56, -64), '#6C382365FB2F')
((58, 60, -64), '#76FA202EFB5E')
((58, 64, -64), '#81F71CE5FB8E')
((58, 68, -64), '#8D2F198AFBC0')
((58, 72, -64), '#98A3161DFBF2')
((58, 76, -64), '#A454129EFC25')
((58, 80, -64), '#B0420F0CFC5A')
((58, 84, -64), '#BC6E0B69FC8F')
((58, 88, -64), '#C8D807B2FCC6')
((58, 92, -64), '#D58103E9FCFD')
((58, 96, -64), '#E26A000CFD36')
((58, 92, -40), '#FDEA008BA754')
((58, 88, -32), '#FC6A03668F73')
((58, 84, -24), '#FA19064579D5')
((58, 84, -20), '#FEC305E16FF1')
((58, 80, -12), '#FB3108CE5D80')
((58, 80, -8), '#FF2408795522')
((58, 76, 0), '#FA6F0B71459E')
((58, 76, 4), '#FDB90B2A3EA5')
((58, 72, 16), '#FAB00DF12C18')
((58, 72, 20), '#FD310DBB26C9')
((58, 72, 24), '#FF840D8A21DB')
((58, 68, 36), '#FA0710771504')
((58, 68, 40), '#FBB410541178')
((58, 68, 44), '#FD3B10330E3B')
((58, 68, 48), '#FE9E10150B49')
((58, 68, 52), '#FFE00FFB08A0')
((58, 64, 68), '#F87B13040052')
((57, 88, -28), '#FA7601CC8039')
((57, 88, -24), '#FF4601667608')
((57, 84, -16), '#FBFF044B6302')
((57, 80, -4), '#FBA306E44A50')
((57, 80, 0), '#FF0C069B4315')
((57, 76, 8), '#F992099535C0')
((57, 76, 12), '#FC5F09592FD1')
((57, 76, 16), '#FEFB09212A49')
((57, 72, 28), '#FA4D0BFD1BC5')
((57, 72, 32), '#FC370BD417B5')
((57, 72, 36), '#FDFA0BAE13FA')
((57, 72, 40), '#FF960B8C1090')
((57, 68, 56), '#F9750E79059D')
((57, 68, 60), '#FA6B0E650394')
((57, 68, 64), '#FB450E5301C6')
((57, 68, 68), '#FC040E430030')
((56, 16, -68), '#01E63B8AFC8D')
((56, 20, -68), '#0A0F3919FCB1')
((56, 24, -68), '#126C3698FCD6')
((56, 28, -68), '#1AFC3409FCFB')
((56, 32, -68), '#23C13169FD22')
((56, 36, -68), '#2CBB2EBAFD49')
((56, 40, -68), '#35EB2BFBFD72')
((56, 44, -68), '#3F51292BFD9B')
((56, 48, -68), '#48EE264BFDC5')
((56, 52, -68), '#52C2235BFDF1')
((56, 56, -68), '#5CCF205AFE1D')
((56, 60, -68), '#67141D47FE4A')
((56, 64, -68), '#71931A24FE78')
((56, 68, -68), '#7C4C16EFFEA7')
((56, 72, -68), '#873F13A8FED7')
((56, 76, -68), '#926E1050FF08')
((56, 80, -68), '#9DD90CE6FF3A')
((56, 84, -68), '#A980096AFF6E')
((56, 88, -68), '#B56505DBFFA2')
((56, 92, -68), '#C187023AFFD7')
((56, 84, -12), '#F8E902CC5718')
((56, 84, -8), '#FCAA027C4F23')
((56, 80, 4), '#FAF8052339D3')
((56, 80, 8), '#FDE204E533A8')
((56, 76, 20), '#FA0F07AD235B')
((56, 76, 24), '#FC3C077F1EBF')
((56, 76, 28), '#FE3E07541A7D')
((56, 72, 44), '#F98F0A210C86')
((56, 72, 48), '#FAD50A0609D3')
((56, 72, 52), '#FBFA09EE0765')
((56, 72, 56), '#FD0109D80538')
((56, 72, 60), '#FDEA09C40349')
((56, 72, 64), '#FEB909B30194')
((56, 72, 68), '#FF6D09A40015')
((55, 84, -4), '#F8F8011A44DD')
((55, 84, 0), '#FC3300D53E05')
((55, 84, 4), '#FF390094379C')
((55, 80, 12), '#F94903892BD7')
((55, 80, 16), '#FBBC035426A4')
((55, 80, 20), '#FE02032421D3')
((55, 76, 32), '#F8AB05FE154A')
((55, 76, 36), '#FA4C05DC11D5')
((55, 76, 40), '#FBC805BC0EAF')
((55, 76, 44), '#FD22059F0BD3')
((55, 76, 48), '#FE590585093E')
((55, 76, 52), '#FF71056E06ED')
((54, 24, -72), '#073632B1FFCD')
((54, 28, -72), '#0F573043FFF0')
((54, 80, 24), '#F8B501E71BD8')
((54, 80, 28), '#FA9301BF17E2')
((54, 80, 32), '#FC4A019A143F')
((54, 80, 36), '#FDDC017910EC')
((54, 80, 40), '#FF49015A0DE6')
((54, 76, 56), '#F8CB04400455')
((54, 76, 60), '#F99D042E0298')
((54, 76, 64), '#FA55041F0112')
((53, 32, -72), '#15AA2BB8F967')
((53, 36, -72), '#1DFB293BF98B')
((53, 40, -72), '#267F26AFF9B1')
((53, 44, -72), '#2F382414F9D7')
((53, 48, -72), '#38252168F9FE')
((53, 52, -72), '#41481EACFA26')
((53, 56, -72), '#4AA21BE1FA50')
((53, 60, -72), '#54321905FA7A')
((53, 64, -72), '#5DF91618FAA5')
((53, 68, -72), '#67F9131AFAD0')
((53, 72, -72), '#7231100CFAFD')
((53, 76, -72), '#7CA20CEDFB2B')
((53, 80, -72), '#874E09BCFB5A')
((53, 84, -72), '#92340679FB8A')
((53, 88, -72), '#9D550325FBBB')
((53, 80, 44), '#F8FE00420A5A')
((53, 80, 48), '#FA1A002A07FF')
((53, 80, 52), '#FB18001505E5')
((53, 80, 56), '#FBFA00020407')
((51, 28, -76), '#02AC2ABAFC22')
((51, 32, -76), '#0A5D286DFC43')
((51, 36, -76), '#12402611FC66')
((51, 40, -76), '#1A5623A6FC8A')
((51, 44, -76), '#229F212CFCAE')
((51, 48, -76), '#2B1B1EA2FCD3')
((51, 52, -76), '#33CB1C09FCFA')
((51, 56, -76), '#3CB11960FD21')
((51, 60, -76), '#45CC16A7FD49')
((51, 64, -76), '#4F1C13DEFD72')
((51, 68, -76), '#58A41104FD9B')
((51, 72, -76), '#62630E1AFDC6')
((51, 76, -76), '#6C5A0B1FFDF2')
((51, 80, -76), '#76890814FE1F')
((51, 84, -76), '#80F104F7FE4D')
((51, 88, -76), '#8B9401C9FE7B')
((49, 36, -80), '#07072320FF3A')
((49, 40, -80), '#0EB120D5FF5C')
((49, 44, -80), '#168C1E7CFF7F')
((49, 48, -80), '#1E9A1C13FFA2')
((49, 52, -80), '#26DB199BFFC6')
((49, 56, -80), '#2F4F1714FFEB')
((48, 60, -80), '#3514132AF95C')
((48, 64, -80), '#3DB81094F982')
((48, 68, -80), '#46910DEFF9A9')
((48, 72, -80), '#4F9F0B3AF9D1')
((48, 76, -80), '#58E40874F9FA')
((48, 80, -80), '#625E059EFA23')
((48, 84, -80), '#6C1002B8FA4E')
((46, 40, -84), '#01FF1CAFFB69')
((46, 44, -84), '#093C1A85FB89')
((46, 48, -84), '#10AA184CFBAA')
((46, 52, -84), '#18481605FBCB')
((46, 56, -84), '#201813AEFBED')
((46, 60, -84), '#281A1149FC11')
((46, 64, -84), '#304F0ED5FC35')
((46, 68, -84), '#38B70C51FC5A')
((46, 72, -84), '#415309BEFC7F')
((46, 76, -84), '#4A24071BFCA6')
((46, 80, -84), '#532A0469FCCE')
((46, 84, -84), '#5C6601A6FCF6')
((44, 48, -88), '#0578163BFE5E')
((44, 52, -88), '#0CAD1413FE7E')
((44, 56, -88), '#141311DDFE9E')
((44, 60, -88), '#1BAA0F98FEBF')
((44, 64, -88), '#23730D44FEE2')
((44, 68, -88), '#2B6D0AE1FF05')
((44, 72, -88), '#339A086FFF29')
((44, 76, -88), '#3BFA05EEFF4D')
((44, 80, -88), '#448E035DFF73')
((44, 84, -88), '#4D5600BDFF9A')
((41, 52, -92), '#0007112FFA6A')
((41, 56, -92), '#06D40F26FA88')
((41, 60, -92), '#0DCF0D10FAA6')
((41, 64, -92), '#14FA0AEBFAC6')
((41, 68, -92), '#1C5508B8FAE6')
((41, 72, -92), '#23E00676FB07')
((41, 76, -92), '#2B9D0426FB29')
((41, 80, -92), '#338B01C7FB4C')
((39, 60, -96), '#02B10BCBFD3D')
((39, 64, -96), '#097609C4FD5B')
((39, 68, -96), '#106A07B0FD79')
((39, 72, -96), '#178D058DFD99')
((39, 76, -96), '#1EE1035CFDB9')
((39, 80, -96), '#2665011DFDDA')
((36, 68, -100), '#034C061AF946')
((36, 72, -100), '#09D90425F962')
((36, 76, -100), '#10940221F980')
((36, 80, -100), '#177D0010F99E')
((34, 76, -104), '#053201AFFBFA')
