((100, 0, 0), '#FFFFFFFFFFFF')
((99, 0, 12), '#F937FCB0D9D6')
((99, 0, 24), '#F902FFD1BB74')
((98, -12, 0), '#CD84FDCBF63F')
((98, 0, 36), '#F25EFC399943')
((98, 0, 48), '#F22EFF127D95')
((97, -12, 12), '#C84EFA38D135')
((97, -12, 24), '#C8CFFD0AB3C3')
((97, -12, 36), '#C94CFFC19771')
((97, 0, 60), '#EBADFB3A5F06')
((97, 0, 72), '#EB81FDD445C6')
((96, -24, 0), '#9DE2FB58ECBC')
((96, -24, 12), '#9F23FE06CE87')
((96, -12, 48), '#C420FBC577DD')
((96, -12, 60), '#C493FE3E5E15')
((96, 0, 84), '#E522F9C32A89')
((96, 0, 96), '#E4FAFC23137B')
((95, 0, -12), '#E083DD20FF23')
((95, -36, 0), '#7545FF2EE99F')
((95, -24, 24), '#9B65FA0AAC47')
((95, -24, 36), '#9C8CFC7790DE')
((95, -24, 48), '#9DA7FECB7681')
((95, 12, 60), '#FFB0E50F54B1')
((95, -12, 72), '#BF79FA0C41F0')
((95, 12, 72), '#FEEDE7BD3C69')
((95, -12, 84), '#BFE3FC4B2A70')
((95, 12, 84), '#FE31EA512503')
((95, -12, 96), '#C049FE7713C7')
((95, 12, 96), '#FD7BECCE0E72')
((94, -24, -12), '#92D1EBDAFEDF')
((94, -12, -12), '#B6A8E182FBC0')
((94, 12, -12), '#FE57CCD4F582')
((94, 12, 0), '#FD62D02BD73C')
((94, -36, 12), '#72FCFB0AC62E')
((94, 12, 12), '#FC76D35FBA35')
((94, -36, 24), '#74DFFD50AA14')
((94, 12, 24), '#FB94D6729E59')
((94, -36, 36), '#76AEFF808F16')
((94, 12, 36), '#FABBD9668396')
((94, 12, 48), '#F9EBDC3D69DD')
((94, -24, 60), '#99DAFA765969')
((94, -24, 72), '#9AE0FC94416E')
((94, -24, 84), '#9BDBFE9E2A53')
((93, -48, -12), '#4793FA03FE84')
((93, -36, -12), '#6AD4EFD6FB72')
((93, -48, 0), '#4A5CFC38E06A')
((93, -48, 12), '#4D07FE57C38F')
((93, -36, 48), '#7439FB0570FF')
((93, -36, 60), '#75E2FD00587E')
((93, -36, 72), '#777CFEE840E8')
((93, -24, 96), '#9804F9FE11BC')
((92, -60, -12), '#216DFD9AFB0C')
((92, -60, 0), '#24F0FF8EDD60')
((92, -48, 24), '#4C12F9D4A2DA')
((92, -48, 36), '#4E84FBBC88BF')
((92, -48, 48), '#50DCFD926FAB')
((92, -48, 60), '#531EFF555790')
((92, -36, 84), '#74E2FA25277A')
((92, -36, 96), '#765CFBE01204')
((91, -60, 12), '#2575FADFBB7E')
((91, -60, 24), '#28AAFC9FA0B5')
((91, -60, 36), '#2BBEFE4C8702')
((91, -60, 48), '#2EB3FFE96E56')
((91, -48, 72), '#51CBFA6E3D42')
((91, -48, 84), '#53DEFC06275D')
((91, -48, 96), '#55DDFD8F1247')
((90, 0, -24), '#C3BBBD5BFD65')
((90, 12, -24), '#E607B375FA68')
((90, -72, 12), '#0298FDB0B8F0')
((90, -72, 24), '#0675FF349E90')
((90, 24, 48), '#FEF1BC7257FE')
((90, -60, 60), '#2EB0FADC531C')
((90, 24, 60), '#FD98BF284117')
((90, -60, 72), '#3166FC4F3CBF')
((90, 24, 72), '#FC4DC1C42B14')
((90, -60, 84), '#3401FDB5273C')
((90, 24, 84), '#FB0EC44615E6')
((90, -60, 96), '#3684FF0D1286')
((90, 24, 96), '#F9DBC6B00183')
((89, -36, -24), '#5911D52CFFC4')
((89, -24, -24), '#7ACBCB71FCD4')
((89, -12, -24), '#9C85C1B6F9E4')
((89, 24, -12), '#FFFAA7F6D405')
((89, 24, 0), '#FE53AB42B83E')
((89, 24, 12), '#FCBFAE689DAC')
((89, 24, 24), '#FB3CB16D843B')
((89, -72, 36), '#07FBFA1680E6')
((89, 24, 36), '#F9C9B4526BD8')
((89, -72, 48), '#0B82FB716913')
((89, -72, 60), '#0EE6FCBF5234')
((89, -72, 72), '#1227FDFF3C39')
((89, -72, 84), '#1549FF332716')
((88, -60, -24), '#130EE28CFF10')
((88, -48, -24), '#3437D8FAFC2D')
((88, 24, -24), '#FB329F91EAD9')
((88, -72, 96), '#160FF9B9109D')
((86, 12, -36), '#CF749BFCFE92')
((86, 24, -36), '#F04A9282FBB6')
((86, 36, 60), '#FF8FA24132C4')
((86, 36, 72), '#FDC3A4D51E7F')
((86, 36, 84), '#FC09A7500B06')
((85, -12, -36), '#8940A9D9FDC4')
((85, 0, -36), '#A989A089FAF4')
((85, 36, 24), '#FEC4952170E1')
((85, 36, 36), '#FCBE98025A53')
((85, 36, 48), '#FACE9AC444BA')
((84, -48, -36), '#259DC056FFA6')
((84, -36, -36), '#4559B72EFCE2')
((84, -24, -36), '#6516AE05FA1F')
((84, 36, -12), '#FED08739B5AF')
((84, 36, 0), '#FC838A789C4C')
((84, 36, 12), '#FA518D918414')
((83, -60, -36), '#03B6C3FBFBEC')
((83, 36, -36), '#FD417BFAE632')
((83, 36, -24), '#FABB7F81CAAE')
((82, 24, -48), '#DA077D3AFF6E')
((82, 36, -48), '#F9807426FCB0')
((82, 48, 60), '#FF32881F260D')
((82, 48, 72), '#FCEF8AAC1374')
((82, 48, 84), '#FAC48D1E019F')
((81, 0, -48), '#96668AE6FE6B')
((81, 12, -48), '#B55581F9FBB9')
((81, 48, 24), '#FFE27B985F55')
((81, 48, 36), '#FD537E744A8A')
((81, 48, 48), '#FAE1813036AB')
((80, -36, -48), '#3699A0D2FFFB')
((80, -24, -48), '#5500980CFD55')
((80, -12, -48), '#73678F46FAAF')
((80, 48, 0), '#FEBA7178878E')
((80, 48, 12), '#FBF074907125')
((79, -48, -48), '#15CCA4AEFC2D')
((79, 48, -24), '#FE2C6702B2AD')
((79, 48, -12), '#FB1C6A609A5B')
((78, 48, -48), '#FE535C1BE163')
((78, 48, -36), '#FAEE5FCDC6C8')
((78, 60, 48), '#FF7F6E002CA5')
((78, 60, 60), '#FCB070A21ADE')
((78, 60, 72), '#FA00732509DF')
((77, 12, -60), '#A2776E6AFEF9')
((77, 24, -60), '#C02765DAFC64')
((77, 36, -60), '#DDD75D49F9CE')
((77, 48, -60), '#FB8754B8F738')
((77, 60, 24), '#FEC564AF4F82')
((77, 60, 36), '#FBB567863C67')
((76, -12, -60), '#63617B6AFDB8')
((76, 0, -60), '#808E72FFFB2E')
((76, 60, 0), '#FEAA5B1474A7')
((76, 60, 12), '#FB505E295FFC')
((75, -48, -60), '#09C1902FFEE5')
((75, -36, -60), '#266B87E9FC66')
((75, -24, -60), '#43167FA4F9E7')
((75, 60, -24), '#FF4D51189CA3')
((75, 60, -12), '#FB995478861A')
((75, 72, 60), '#FF005F1512F4')
((75, 72, 72), '#FBE5619A031F')
((74, 60, -36), '#FCB04A58AF62')
((74, 72, 36), '#FECF56563258')
((74, 72, 48), '#FB6D590F2156')
((73, 24, -72), '#ADBA5434FFAF')
((73, 36, -72), '#CA494BF7FD32')
((73, 48, -72), '#E6D843B9FAB5')
((73, 60, -60), '#FEC13FA6DCAA')
((73, 60, -48), '#FA63438FC2C6')
((73, 72, 12), '#FF4D4D4F53B8')
((73, 72, 24), '#FB9750454151')
((72, 0, -72), '#70BD6117FE4C')
((72, 12, -72), '#8CCE58FDFBDB')
((72, 60, -72), '#FD113899F214')
((72, 72, 0), '#FC8047296383')
((72, 84, 60), '#FF974F160BE0')
((71, -36, -72), '#1A397573FF42')
((71, -24, -72), '#35CD6D7EFCDB')
((71, -12, -72), '#51616589FA75')
((71, 72, -24), '#FE4B3DA0887B')
((71, 72, -12), '#F9FA410373A8')
((71, 84, 48), '#FC54496E1959')
((70, 72, -36), '#FC51374E99EC')
((70, 84, 24), '#FD4B40FA373C')
((70, 84, 36), '#F94E43CF26EF')
((69, 48, -84), '#D41D3414FE77')
((69, 60, -84), '#EFAF2C20FC11')
((69, 72, -60), '#FFDB2CF5C42D')
((69, 72, -48), '#FAB530EDAC05')
((69, 84, 0), '#FF1E382C5747')
((69, 84, 12), '#FAB43B47457F')
((69, 96, 60), '#FE9040950598')
((68, 12, -84), '#7D6748DBFF68')
((68, 24, -84), '#98804109FD0C')
((68, 36, -84), '#B39A3937FAB0')
((68, 72, -72), '#FF002644D857')
((68, 84, -12), '#FD0D3257667A')
((68, 96, 36), '#FFD7388820E7')
((68, 96, 48), '#FB9C3B471230')
((67, -12, -84), '#44395536FDE6')
((67, 0, -84), '#5EDB4D87FB95')
((67, 72, -84), '#FEA81F6BEDAA')
((67, 84, -24), '#FB562C79761F')
((67, 96, 24), '#FD5633272E0D')
((66, -36, -84), '#0CF7611DFC59')
((66, -24, -84), '#27235990FA12')
((66, 84, -48), '#FF8D22BE9BB3')
((66, 84, -36), '#FA01268D864F')
((66, 96, 12), '#FB222DC73B69')
((66, 108, 60), '#FC0633800014')
((65, 72, -96), '#F8E71632FE53')
((65, 84, -60), '#FF071C84ADAD')
((65, 96, -12), '#FE71251B5A4A')
((65, 96, 0), '#F9412864490B')
((65, 108, 36), '#FDFC2BCA1972')
((65, 108, 48), '#F95F2E890BD2')
((64, 36, -96), '#A41C2ADBFF3C')
((64, 48, -96), '#BE6A2344FCF1')
((64, 60, -96), '#D8B91BADFAA7')
((64, 84, -72), '#FF0D1622C0A7')
((64, 96, -24), '#FD3B1F866905')
((64, 108, 24), '#FBD526BB25B9')
((63, 12, -96), '#6BED375CFDC7')
((63, 24, -96), '#85CC2FE5FB87')
((63, 84, -84), '#FFB20F8ED4DC')
((63, 96, -36), '#FC7519DC784D')
((63, 108, 0), '#FF691E7F41A9')
((63, 108, 12), '#FA0121AA3235')
((63, 120, 48), '#FCD52523077E')
((62, -24, -96), '#1C224AC5FE82')
((62, -12, -96), '#3592436EFC4B')
((62, 0, -96), '#4F023C18FA14')
((62, 96, -48), '#FC2F14178844')
((62, 108, -12), '#FE43193F4F0F')
((62, 120, 24), '#FFF71D7B201C')
((62, 120, 36), '#FAB2206512C7')
((61, -36, -96), '#00FE4F16FAC8')
((61, 84, -96), '#FB1F06EAE500')
((61, 96, -60), '#FC7B0E2C9915')
((61, 108, -24), '#FD8F13ED5CE7')
((61, 120, 12), '#FE6F189A2C06')
((61, 132, 48), '#FF291C790389')
((60, 72, -108), '#E3C9073DFEA4')
((60, 96, -72), '#FD6F080FAAF2')
((60, 108, -36), '#FD5D0E816B4E')
((60, 120, 0), '#FD4E13AE3835')
((60, 132, 36), '#FD4217ED0E47')
((59, 36, -108), '#92861B61FF98')
((59, 48, -108), '#ABDD1412FD63')
((59, 60, -108), '#C5330CC2FB2F')
((59, 96, -84), '#FF2801B1BE1D')
((59, 108, -48), '#FDBE08F27A69')
((59, 120, -12), '#FC9F0EB244BE')
((59, 132, 24), '#FBB6135E1929')
((58, 12, -108), '#5CB327B2FE4C')
((58, 24, -108), '#75A52080FC20')
((58, 108, -60), '#FEC903348A63')
((58, 120, -24), '#FC71099F51BB')
((58, 132, 12), '#FA8F0EC6243F')
((58, 144, 36), '#FEBC102A0A25')
((57, -24, -108), '#0FF83AB5FF23')
((57, -12, -108), '#288633A0FCFF')
((57, 0, -108), '#41142C8AFADC')
((57, 120, -36), '#FCD6046B5F49')
((57, 132, 0), '#F9D90A1F2F9A')
((57, 144, 24), '#FD730BC9147E')
((56, 132, -12), '#F9A205633B4F')
((56, 144, 12), '#FC98075C1F09')
((56, 156, 36), '#FF2C0915065E')
((55, 132, -24), '#F9FD00894778')
((55, 144, 0), '#FC3802DD29D9')
((55, 156, 24), '#FE2704E11031')
((54, 156, 12), '#FD98009D1A35')
((54, 168, 36), '#FEA202A702EF')
((53, 36, -120), '#80A80B65FE7C')
((53, 48, -120), '#991D0456FC5B')
((52, 0, -120), '#34F71E89FFD4')
((52, 12, -120), '#4D191792FDBA')
((52, 24, -120), '#653A109CFBA0')
((51, -24, -120), '#03102A50FF1A')
((51, -12, -120), '#1AE22370FD07')
((43, 0, -132), '#23340ACBFFF8')
((43, 12, -132), '#3B1303E8FDE4')
((42, -12, -132), '#09B7100DFFA3')
