((100, 0, 0), '#FFFFFFFFFFFF')
((98, -8, 0), '#CF04FDBDF25D')
((98, -8, 8), '#DE7BFC73D195')
((98, -8, 16), '#ECB0FB44B378')
((98, -8, 24), '#F9B0FA2E97E9')
((97, 0, 8), '#FBD5EB61CC72')
((97, -16, 16), '#C445FF00ADB3')
((97, -16, 24), '#D105FDF092AD')
((97, -16, 32), '#DCA1FCF97A11')
((97, -8, 32), '#FECDF2C17AA7')
((97, -16, 40), '#E726FC1863C3')
((97, -16, 48), '#F0A4FB4E4FA5')
((97, -16, 56), '#F926FA983D9B')
((96, -16, 0), '#A228FAD4E53F')
((96, -16, 8), '#B113F996C5A0')
((96, -24, 40), '#C07EFF4C5FA6')
((96, -24, 48), '#C9C4FE864BFE')
((96, -24, 56), '#D212FDD53A63')
((96, -24, 64), '#D976FD372AB8')
((96, -16, 64), '#F9E3F3852B46')
((96, -24, 72), '#DFFEFCAC1CE1')
((96, -24, 80), '#E5B6FC3210C0')
((96, -24, 88), '#EAAEFBC80639')
((95, -24, 0), '#7D74FDDCDE9A')
((95, -24, 8), '#8C19FCA4BF8F')
((95, -24, 16), '#9984FB86A31C')
((95, 0, 16), '#FC5DDDF6A4CE')
((95, -24, 24), '#A5C5FA808924')
((95, -24, 32), '#B0E7F9937189')
((95, -8, 40), '#FBBDE55D5D4D')
((95, -32, 64), '#B49EFFE42803')
((95, -32, 72), '#BAF7FF5C1A8D')
((95, -16, 72), '#F983ECA81BA0')
((95, -32, 80), '#C085FEE60EC7')
((95, -16, 80), '#FF10EC320FDA')
((95, -32, 88), '#C555FE7F0495')
((94, -24, -8), '#699FF89DF9C9')
((94, -16, -8), '#88D9EF46FA52')
((94, -8, -8), '#A92FE59BFAE0')
((94, 0, -8), '#CAA6DB98FB73')
((94, 8, -8), '#ED44D13EFC0B')
((94, 8, 0), '#FCE8CFF1DAE3')
((94, -32, 8), '#6981FF20B9A2')
((94, -32, 16), '#76ABFE079DBA')
((94, -32, 24), '#82ACFD078447')
((94, -32, 32), '#8D93FC1E6D2C')
((94, -32, 40), '#976CFB4C584B')
((94, -32, 48), '#A045FA8F4589')
((94, -8, 48), '#FDF8DE8A4725')
((94, -32, 56), '#A82DF9E734C7')
((94, -16, 88), '#FCC6E59D0495')
((93, -32, -8), '#483EFAFEF2D2')
((93, -32, 0), '#579BF9B6D240')
((93, -40, 16), '#5622FFFB987B')
((93, -40, 24), '#61E5FF007F8C')
((93, 0, 24), '#FB2DD129822E')
((93, -40, 32), '#6C90FE1C68EE')
((93, -40, 40), '#7631FD4F5485')
((93, -40, 48), '#7ED5FC974233')
((93, -40, 56), '#868BFBF231DD')
((93, -8, 56), '#FEF8D7EE33EE')
((93, -40, 64), '#8D5EFB612364')
((93, -40, 72), '#935EFAE116AB')
((93, -40, 80), '#9899FA710B97')
((93, -40, 88), '#9D1AFA110209')
((92, -40, -8), '#2926FCD3EC02')
((92, -40, 0), '#383DFB91CC05')
((92, -40, 8), '#4616FA6AAEAA')
((92, 8, 8), '#FDD3C377B1D2')
((92, -48, 32), '#4DCEFF9364D0')
((92, 0, 32), '#FF12CA9067DB')
((92, -48, 40), '#5738FECA50DD')
((92, -48, 48), '#5FA7FE163EFB')
((92, -48, 56), '#672BFD762F0D')
((92, -48, 64), '#6DD0FCE820F7')
((92, -8, 64), '#FED3D18A2375')
((92, -48, 72), '#73A4FC6B149C')
((92, -48, 80), '#78B5FBFF09DE')
((92, -48, 88), '#7D11FBA200A1')
((91, -48, -8), '#0C47FE22E557')
((91, 16, -8), '#FCC5B636E978')
((91, -48, 0), '#1B18FCE6C5EE')
((91, -48, 8), '#28AEFBC4A921')
((91, -48, 16), '#3517FABB8ED3')
((91, -48, 24), '#4060F9CA76E7')
((91, -56, 40), '#3A6EFFC14D52')
((91, -56, 48), '#42AAFF123BDE')
((91, -56, 56), '#49FCFE752C59')
((91, -56, 64), '#5073FDEB1EA5')
((91, -56, 72), '#561CFD7312A5')
((91, -8, 72), '#FDA2CB591585')
((91, -56, 80), '#5B05FD0A083C')
((90, -56, 0), '#0019FDB9BFFC')
((90, -56, 8), '#0D6DFC9CA3BB')
((90, -56, 16), '#1996FB9989F2')
((90, 8, 16), '#FCFDB7978DDA')
((90, -56, 24), '#24A3FAAD7286')
((90, -56, 32), '#2EA1F9D85D59')
((90, 0, 40), '#FAD9BEB54DA7')
((90, -64, 48), '#27CBFF8F38DE')
((90, -64, 56), '#2EEDFEF729BF')
((90, -64, 64), '#3536FE711C6B')
((90, -64, 72), '#3AB5FDFB10C6')
((90, -64, 80), '#3F76FD9606B1')
((90, -8, 80), '#FB7EC55A09EB')
((90, -8, 88), '#FF90C503014B')
((89, -40, -16), '#1245EABDFAA4')
((89, -32, -16), '#2C8CE2E1FB18')
((89, -24, -16), '#47D8DAB8FB90')
((89, -16, -16), '#642DD23FFC0C')
((89, -8, -16), '#8191C974FC8D')
((89, 0, -16), '#A009C058FD13')
((89, 8, -16), '#BF9AB6E7FD9E')
((89, 16, -16), '#E048AD21FE2E')
((89, 16, 0), '#FE1AAAA5BEF6')
((89, -64, 16), '#002DFBFA8532')
((89, -64, 24), '#0AFEFB136E45')
((89, -64, 32), '#14C2FA42598F')
((89, -64, 40), '#1D89F98746F5')
((89, -72, 48), '#0EF9FF9335F8')
((89, 0, 48), '#FC0AB8AD3A0A')
((89, -72, 56), '#15EBFEFE273F')
((89, -72, 64), '#1C08FE7C1A4A')
((89, -72, 72), '#215CFE0A0EFD')
((89, -72, 80), '#25F7FDA8053C')
((88, 24, -16), '#FB749E24F835')
((88, 8, 24), '#FA89AC4C6EA6')
((88, -72, 40), '#057CF97E43BA')
((88, 0, 56), '#FC15B2DA2930')
((88, -80, 64), '#04D6FE131841')
((88, -80, 72), '#0A01FDA40D4C')
((88, -80, 80), '#0E75FD4503DB')
((87, 16, 8), '#FDA59FAA99A2')
((87, 8, 32), '#FD4BA67C571B')
((87, 0, 64), '#FB11AD3A1AE7')
((86, 24, -8), '#FD3B9374CC3D')
((86, 8, 40), '#FEC7A0E34296')
((86, 0, 72), '#F916A7CA0EF9')
((86, 0, 80), '#FD3FA7720626')
((85, 16, 16), '#FB8A95417928')
((85, 8, 48), '#FF169B7F30E5')
((84, -32, -24), '#1107C6C5FC89')
((84, -24, -24), '#299FBF6AFCF5')
((84, -16, -24), '#4334B7C4FD66')
((84, -8, -24), '#5DCAAFD0FDDA')
((84, 0, -24), '#7966A78FFE54')
((84, 8, -24), '#960E9EFDFED2')
((84, 16, -24), '#B3C6961AFF54')
((84, 24, -24), '#D2938CE3FFDC')
((84, 24, 0), '#FD2E8956A589')
((84, 16, 24), '#FEA28FDC60A3')
((84, 8, 56), '#FE4E964C21D3')
((83, 32, -24), '#EC137F1BF9D1')
((83, 32, -16), '#FB3E7DD7D9AA')
((83, 8, 64), '#FC89914B152B')
((82, 24, 8), '#FB747FC683C5')
((82, 16, 32), '#F9A486514848')
((82, 8, 72), '#F9DF8C760ABB')
((82, 8, 80), '#FD7A8C290316')
((81, 40, -24), '#FED46D8EED83')
((81, 32, -8), '#FBA2748FB192')
((81, 24, 16), '#FEE67AC96A41')
((81, 16, 40), '#FA2781733635')
((80, 16, 48), '#F9937CC626C8')
((80, 16, 56), '#FEF37C531B62')
((79, -24, -32), '#0EC4A697FDFE')
((79, -16, -32), '#25BC9FB8FE63')
((79, -8, -32), '#3DA89891FECC')
((79, 0, -32), '#568D911FFF39')
((79, 8, -32), '#70708961FFAB')
((79, 40, -16), '#FFB864E1C33B')
((79, 32, 0), '#FA4E6BCF8E7F')
((79, 24, 24), '#FA37721250C4')
((79, 16, 64), '#FC7C77E81044')
((78, 16, -32), '#86E27D2EF989')
((78, 24, -32), '#A24174FEFA01')
((78, 32, -32), '#BEAA6C7FFA7E')
((78, 40, -32), '#DC2263AFFB00')
((78, 48, -32), '#FAAF5A8DFB86')
((78, 32, 8), '#FE20673573F9')
((78, 24, 32), '#FB066D993DD4')
((78, 16, 72), '#F93273A70738')
((78, 16, 80), '#FC49736500AA')
((77, 40, -8), '#FED85CBA9E1B')
((77, 24, 40), '#FAB769502D99')
((76, 48, -24), '#FC1252A6CFCE')
((76, 32, 16), '#F9C75F4A5955')
((76, 24, 48), '#F96065361FDE')
((76, 24, 56), '#FE1E64D115D0')
((75, 40, 0), '#FC5855167DCD')
((75, 32, 24), '#FAE75B324584')
((75, 24, 64), '#FB0460F40C21')
((75, 24, 72), '#FE5160AE0523')
((74, -16, -40), '#0B9589FDFF09')
((74, -8, -40), '#20FB8397FF67')
((74, 0, -40), '#374C7CEAFFC9')
((74, 56, -32), '#FE2B44BBE29F')
((74, 48, -16), '#FBA94B43A952')
((74, 40, 8), '#FF2B51106584')
((74, 32, 32), '#FAE1574A3477')
((73, 8, -40), '#4B5C7211F994')
((73, 16, -40), '#630F6AFBF9FC')
((73, 24, -40), '#7BB9639AFA68')
((73, 32, -40), '#95615BEEFAD9')
((73, 40, -40), '#B00A53F5FB4E')
((73, 48, -40), '#CBBA4BAEFBC8')
((73, 56, -40), '#E8754316FC46')
((73, 32, 40), '#F9CC539025F9')
((73, 32, 48), '#FECC53251B61')
((72, 64, -40), '#FF533782F63A')
((72, 56, -24), '#FE463DE6BA02')
((72, 48, -8), '#F997445E87BF')
((72, 40, 16), '#F9D24A334D47')
((72, 32, 56), '#FBE84FA9110C')
((72, 32, 64), '#FF6B4F5E099B')
((71, 48, 0), '#FCCC40B26E7C')
((71, 40, 24), '#FA1A46A73B65')
((71, 32, 72), '#FB094C1802C0')
((70, 64, -32), '#FFFC3138CB6D')
((70, 56, -16), '#FCAC378D966E')
((70, 48, 8), '#FEB13D385858')
((70, 40, 32), '#F94C43492C21')
((70, 40, 40), '#FE8F42D920FB')
((69, -8, -48), '#079370C6FFAF')
((69, 48, 16), '#FF5D39EE451F')
((69, 40, 48), '#FBE63FB815FB')
((69, 40, 56), '#FFA13F690E12')
((68, 0, -48), '#19686731F969')
((68, 8, -48), '#2DB3611FF9C2')
((68, 16, -48), '#42E25AC9FA1F')
((68, 24, -48), '#58FD542DFA80')
((68, 32, -48), '#70064D4AFAE5')
((68, 40, -48), '#8804461DFB4F')
((68, 48, -48), '#A0FC3EA5FBBD')
((68, 56, -48), '#BAF136E2FC2F')
((68, 64, -48), '#D5EA2ED1FCA5')
((68, 72, -48), '#F1EC2671FD20')
((68, 64, -24), '#FEE22B67A5CC')
((68, 56, -8), '#F98131AB7791')
((68, 48, 24), '#FEEA36D1349E')
((68, 40, 64), '#FB6D3C7E06A9')
((68, 40, 72), '#FDE43C4A0170')
((67, 72, -40), '#F9E42310D797')
((67, 56, 0), '#FBC52E87607D')
((67, 48, 32), '#FD7033DF269F')
((66, 64, -16), '#FC2B260A8504')
((66, 56, 8), '#FCC92B924C64')
((66, 48, 40), '#FB0631161AF1')
((66, 48, 48), '#FEFB30C2128E')
((65, 80, -48), '#F9BE17FAEA31')
((65, 72, -32), '#F9501DEBB09E')
((65, 64, -8), '#FEEB23226C6F')
((65, 56, 16), '#FCA828CA3B11')
((65, 48, 56), '#FAF92E2F0A91')
((65, 48, 64), '#FD9F2DF704F4')
((65, 48, 72), '#FFC42DC90069')
((64, 0, -56), '#02D55ABCFFF8')
((64, 72, -24), '#FE001B0B931E')
((64, 56, 24), '#FB77262C2C52')
((63, 8, -56), '#135B521CF9A5')
((63, 16, -56), '#262C4C7CF9F8')
((63, 24, -56), '#39DA4699FA4F')
((63, 32, -56), '#4E6A4073FAA9')
((63, 40, -56), '#63E13A08FB07')
((63, 48, -56), '#7A443356FB6A')
((63, 56, -56), '#91982C5CFBD0')
((63, 64, -56), '#A9E22518FC3B')
((63, 72, -56), '#C3261D8AFCAA')
((63, 80, -56), '#DD6B15AFFD1D')
((63, 88, -56), '#F8B40D86FD95')
((63, 80, -40), '#F9BD1352C115')
((63, 64, 0), '#F95C1E7953C1')
((63, 56, 32), '#F95123B71FF0')
((63, 56, 40), '#FD81235D170F')
((62, 80, -32), '#FF0210AAA1E6')
((62, 72, -16), '#FA3F169C7503')
((62, 64, 8), '#F9901C014199')
((62, 64, 16), '#FFD21B7B3455')
((62, 56, 48), '#F9B7211E0E7C')
((62, 56, 56), '#FC8E20E20877')
((62, 56, 64), '#FEDE20B0038E')
((61, 88, -48), '#F94F0957D24B')
((61, 72, -8), '#FC1814315E97')
((61, 64, 24), '#FDFC194226D5')
((60, 96, -56), '#FF170125EA8C')
((60, 88, -40), '#FF3006E3B161')
((60, 80, -24), '#FBBA0CB681E8')
((60, 72, 0), '#FCB811F34B19')
((60, 64, 32), '#FB3E172F1B98')
((60, 64, 40), '#FF0216DE139B')
((59, 80, -16), '#FE100A816A02')
((59, 72, 8), '#FC380FDE3A55')
((59, 64, 48), '#FAB814FE0BFA')
((59, 64, 56), '#FD3614C906B0')
((59, 64, 64), '#FF38149E0270')
((58, 16, -64), '#0CBC3FF4F98B')
((58, 24, -64), '#1E213AC0F9D8')
((58, 32, -64), '#305B354CFA28')
((58, 40, -64), '#436F2F98FA7C')
((58, 48, -64), '#576229A1FAD3')
((58, 56, -64), '#6C382365FB2F')
((58, 64, -64), '#81F71CE5FB8E')
((58, 72, -64), '#98A3161DFBF2')
((58, 80, -64), '#B0420F0CFC5A')
((58, 88, -64), '#C8D807B2FCC6')
((58, 96, -64), '#E26A000CFD36')
((58, 88, -32), '#FC6A03668F73')
((58, 80, -8), '#FF2408795522')
((58, 72, 16), '#FAB00DF12C18')
((58, 72, 24), '#FF840D8A21DB')
((57, 88, -24), '#FF4601667608')
((57, 80, 0), '#FF0C069B4315')
((57, 72, 32), '#FC370BD417B5')
((57, 72, 40), '#FF960B8C1090')
((56, 80, 8), '#FDE204E533A8')
((56, 72, 48), '#FAD50A0609D3')
((56, 72, 56), '#FD0109D80538')
((56, 72, 64), '#FEB909B30194')
((55, 80, 16), '#FBBC035426A4')
((54, 24, -72), '#073632B1FFCD')
((54, 80, 24), '#F8B501E71BD8')
((54, 80, 32), '#FC4A019A143F')
((54, 80, 40), '#FF49015A0DE6')
((53, 32, -72), '#15AA2BB8F967')
((53, 40, -72), '#267F26AFF9B1')
((53, 48, -72), '#38252168F9FE')
((53, 56, -72), '#4AA21BE1FA50')
((53, 64, -72), '#5DF91618FAA5')
((53, 72, -72), '#7231100CFAFD')
((53, 80, -72), '#874E09BCFB5A')
((53, 88, -72), '#9D550325FBBB')
((53, 80, 48), '#FA1A002A07FF')
((53, 80, 56), '#FBFA00020407')
((49, 40, -80), '#0EB120D5FF5C')
((49, 48, -80), '#1E9A1C13FFA2')
((49, 56, -80), '#2F4F1714FFEB')
((48, 64, -80), '#3DB81094F982')
((48, 72, -80), '#4F9F0B3AF9D1')
((48, 80, -80), '#625E059EFA23')
((44, 48, -88), '#0578163BFE5E')
((44, 56, -88), '#141311DDFE9E')
((44, 64, -88), '#23730D44FEE2')
((44, 72, -88), '#339A086FFF29')
((44, 80, -88), '#448E035DFF73')
((39, 64, -96), '#097609C4FD5B')
((39, 72, -96), '#178D058DFD99')
((39, 80, -96), '#2665011DFDDA')
