((10, 32, -48), '#008900ED1D33')
((10, 24, -40), '#00DB018A162B')
((10, 32, -40), '#03D400A61638')
((10, 16, -32), '#00F1021A1058')
((10, 24, -32), '#039501501063')
((10, 32, -32), '#068E006C1070')
((10, 8, -24), '#00D3029D0B9C')
((10, 16, -24), '#032701EB0BA6')
((10, 24, -24), '#05CC01200BB2')
((10, 32, -24), '#08C4003D0BBF')
((10, 0, -16), '#008A031407DB')
((10, 8, -16), '#0294027807E4')
((10, 16, -16), '#04E901C507EE')
((10, 24, -16), '#078D00FB07FA')
((10, 32, -16), '#0A8600180807')
((10, 0, -8), '#01E302F704FF')
((10, 8, -8), '#03ED025B0508')
((10, 16, -8), '#064201A80512')
((10, 24, -8), '#08E600DE051E')
((10, 0, 0), '#02E202E202E2')
((10, 8, 0), '#04EC024602EB')
((10, 16, 0), '#0741019302F5')
((10, 24, 0), '#09E500C90301')
((15, 48, -64), '#022200363B54')
((15, 40, -56), '#02B901312FDD')
((15, 32, -48), '#0302021B25F4')
((15, 40, -48), '#075D00CE2607')
((15, 24, -40), '#030302F61D7C')
((15, 32, -40), '#06F801C71D8E')
((15, 40, -40), '#0B5300791DA1')
((15, 16, -32), '#02C703C01659')
((15, 24, -32), '#065A02AE1669')
((15, 32, -32), '#0A4F0180167A')
((15, 40, -32), '#0EAA0032168D')
((15, 8, -24), '#0256047B106C')
((15, 16, -24), '#058C0385107A')
((15, 24, -24), '#091F0273108A')
((15, 32, -24), '#0D140144109B')
((15, 0, -16), '#01B805260B9A')
((15, 8, -16), '#0496044B0BA6')
((15, 16, -16), '#07CC03550BB4')
((15, 24, -16), '#0B5F02430BC4')
((15, 32, -16), '#0F5401140BD5')
((15, -8, -8), '#00F605C307C4')
((15, 0, -8), '#0382050007CF')
((15, 8, -8), '#0660042507DC')
((15, 16, -8), '#0996032F07EA')
((15, 24, -8), '#0D29021D07F9')
((15, 32, -8), '#111E00EE080B')
((15, -16, 0), '#001A065104CE')
((15, -8, 0), '#025705A604D8')
((15, 0, 0), '#04E304E304E3')
((15, 8, 0), '#07C1040704EF')
((15, 16, 0), '#0AF7031104FE')
((15, 24, 0), '#0E8A0200050D')
((15, 32, 0), '#127F00D1051F')
((15, -16, 8), '#011F063B02A3')
((15, -8, 8), '#035D059002AD')
((15, 0, 8), '#05E804CD02B8')
((15, 8, 8), '#08C703F102C5')
((15, 16, 8), '#0BFD02FC02D3')
((15, 24, 8), '#0F9001EA02E3')
((15, 32, 8), '#138400BB02F4')
((20, 56, -72), '#05C500145839')
((20, 40, -64), '#0052033B490C')
((20, 48, -64), '#0654016F4927')
((20, 32, -56), '#0101045E3BC7')
((20, 40, -56), '#068A02B63BDF')
((20, 48, -56), '#0C8B00EA3BF9')
((20, 24, -48), '#015A056F302E')
((20, 32, -48), '#066F03EA3045')
((20, 40, -48), '#0BF70242305D')
((20, 48, -48), '#11F900773077')
((20, 16, -40), '#0166066F2627')
((20, 24, -40), '#060C050B263B')
((20, 32, -40), '#0B2003862651')
((20, 40, -40), '#10A901DE266A')
((20, 48, -40), '#16AB00122684')
((20, 8, -32), '#012E075D1D92')
((20, 16, -32), '#056906191DA5')
((20, 24, -32), '#0A0F04B51DB9')
((20, 32, -32), '#0F2403301DD0')
((20, 40, -32), '#14AC01891DE8')
((20, 0, -24), '#00BA083B1654')
((20, 8, -24), '#049107151665')
((20, 16, -24), '#08CC05D11678')
((20, 24, -24), '#0D72046D168C')
((20, 32, -24), '#128602E816A2')
((20, 40, -24), '#180F014016BB')
((20, -8, -16), '#001409081050')
((20, 0, -16), '#038A07FF105F')
((20, 8, -16), '#076006D91070')
((20, 16, -16), '#0B9C05951082')
((20, 24, -16), '#104104311097')
((20, 32, -16), '#155602AC10AD')
((20, 40, -16), '#1ADF010410C5')
((20, -8, -8), '#025E08D70B75')
((20, 0, -8), '#05D407CE0B84')
((20, 8, -8), '#09AB06A80B95')
((20, 16, -8), '#0DE605640BA7')
((20, 24, -8), '#128B04000BBC')
((20, 32, -8), '#17A0027B0BD2')
((20, 40, -8), '#1D2900D40BEA')
((20, -16, 0), '#0116099E078A')
((20, -8, 0), '#043108B00798')
((20, 0, 0), '#07A707A707A7')
((20, 8, 0), '#0B7D068107B8')
((20, 16, 0), '#0FB9053D07CA')
((20, 24, 0), '#145E03D907DF')
((20, 32, 0), '#1973025407F5')
((20, 40, 0), '#1EFC00AD080D')
((20, -16, 8), '#027F097F048E')
((20, -8, 8), '#05990892049B')
((20, 0, 8), '#090F078904AB')
((20, 8, 8), '#0CE6066304BB')
((20, 16, 8), '#1121051F04CE')
((20, 24, 8), '#15C703BB04E2')
((20, 32, 8), '#1ADB023604F9')
((20, 40, 8), '#2064008F0511')
((20, -24, 16), '#00C70A3D0249')
((20, -16, 16), '#038B09690255')
((20, -8, 16), '#06A6087B0263')
((20, 0, 16), '#0A1C07720272')
((20, 8, 16), '#0DF2064D0283')
((20, 16, 16), '#122D05090295')
((20, 24, 16), '#16D303A502AA')
((20, 32, 16), '#1BE8022002C0')
((20, 40, 16), '#2170007802D9')
((25, 64, -88), '#012F00AD9267')
((25, 56, -80), '#02AE02617D19')
((25, 48, -72), '#03BC040069F0')
((25, 56, -72), '#0BA801A26A12')
((25, 40, -64), '#0462058A58CD')
((25, 48, -64), '#0BC2035558ED')
((25, 56, -64), '#13AE00F75910')
((25, 32, -56), '#04A806FE4994')
((25, 40, -56), '#0B8204F249B2')
((25, 48, -56), '#12E202BD49D3')
((25, 56, -56), '#1ACE005F49F6')
((25, 24, -48), '#0496085E3C28')
((25, 32, -48), '#0AEF06783C44')
((25, 40, -48), '#11C9046C3C62')
((25, 48, -48), '#192A02373C83')
((25, 16, -40), '#043709AA306D')
((25, 24, -40), '#0A1307E93086')
((25, 32, -40), '#106C060330A2')
((25, 40, -40), '#174603F730C0')
((25, 48, -40), '#1EA701C230E1')
((25, 8, -32), '#03920AE22644')
((25, 16, -32), '#08F70945265B')
((25, 24, -32), '#0ED307842675')
((25, 32, -32), '#152C059E2691')
((25, 40, -32), '#1C06039126AF')
((25, 48, -32), '#2366015D26D0')
((25, 0, -24), '#02B00C051D91')
((25, 8, -24), '#07A30A8B1DA6')
((25, 16, -24), '#0D0708EE1DBE')
((25, 24, -24), '#12E3072D1DD8')
((25, 32, -24), '#193C05471DF4')
((25, 40, -24), '#2016033B1E12')
((25, 48, -24), '#277701061E32')
((25, -8, -16), '#019A0D161636')
((25, 0, -16), '#061F0BBC164A')
((25, 8, -16), '#0B110A421660')
((25, 16, -16), '#107608A51677')
((25, 24, -16), '#165206E41691')
((25, 32, -16), '#1CAB04FE16AD')
((25, 40, -16), '#238502F216CB')
((25, 48, -16), '#2AE500BD16EC')
((25, -16, -8), '#00590E141017')
((25, -8, -8), '#04750CD9102A')
((25, 0, -8), '#08FA0B7F103D')
((25, 8, -8), '#0DEC0A051053')
((25, 16, -8), '#13500868106B')
((25, 24, -8), '#192D06A71085')
((25, 32, -8), '#1F8504C110A0')
((25, 40, -8), '#265F02B510BF')
((25, 48, -8), '#2DC0008010DF')
((25, -16, 0), '#02AD0DE20B28')
((25, -8, 0), '#06C90CA80B3A')
((25, 0, 0), '#0B4E0B4E0B4E')
((25, 8, 0), '#104009D30B63')
((25, 16, 0), '#15A508360B7B')
((25, 24, 0), '#1B8106750B95')
((25, 32, 0), '#21D904900BB1')
((25, 40, 0), '#28B402830BCF')
((25, 48, 0), '#3014004E0BEF')
((25, -24, 8), '#00D00ED70728')
((25, -16, 8), '#04890DBB0738')
((25, -8, 8), '#08A50C80074A')
((25, 0, 8), '#0D290B26075E')
((25, 8, 8), '#121B09AB0774')
((25, 16, 8), '#1780080E078B')
((25, 24, 8), '#1D5C064E07A5')
((25, 32, 8), '#23B5046807C1')
((25, 40, 8), '#2A8F025B07DF')
((25, 48, 8), '#31F000270800')
((25, -24, 16), '#02410EB9041B')
((25, -16, 16), '#05F90D9C042B')
((25, -8, 16), '#0A150C61043D')
((25, 0, 16), '#0E990B070451')
((25, 8, 16), '#138C098D0467')
((25, 16, 16), '#18F007F0047F')
((25, 24, 16), '#1ECC062F0498')
((25, 32, 16), '#2525044904B4')
((25, 40, 16), '#2BFF023D04D2')
((25, 48, 16), '#3360000804F3')
((25, -24, 24), '#03540EA201D4')
((25, -16, 24), '#070C0D8501E5')
((25, -8, 24), '#0B280C4A01F7')
((25, 0, 24), '#0FAC0AF0020B')
((25, 8, 24), '#149E09760220')
((25, 16, 24), '#1A0307D90238')
((25, 24, 24), '#1FDF06180252')
((25, 32, 24), '#26380432026E')
((25, 40, 24), '#2D120226028C')
((30, 72, -96), '#06630080C558')
((30, 64, -88), '#07E502B1AB36')
((30, 56, -80), '#08EB04C99375')
((30, 64, -80), '#130401C493A1')
((30, 40, -72), '#009B09717DD0')
((30, 48, -72), '#097E06C97DF7')
((30, 56, -72), '#12FB03F27E21')
((30, 64, -72), '#1D1400ED7E4D')
((30, 32, -64), '#01590B2C6A7B')
((30, 40, -64), '#09A808B06AA0')
((30, 48, -64), '#128C06076AC7')
((30, 56, -64), '#1C0803316AF0')
((30, 64, -64), '#2622002C6B1D')
((30, 24, -56), '#01B10CD15930')
((30, 32, -56), '#09710A7F5952')
((30, 40, -56), '#11C108035976')
((30, 48, -56), '#1AA4055B599D')
((30, 56, -56), '#2420028559C7')
((30, 16, -48), '#01AB0E6049D1')
((30, 24, -48), '#08E20C3749F0')
((30, 32, -48), '#10A309E64A12')
((30, 40, -48), '#18F2076A4A37')
((30, 48, -48), '#21D604C14A5E')
((30, 56, -48), '#2B5201EB4A88')
((30, 8, -40), '#01510FD93C41')
((30, 16, -40), '#08030DD83C5E')
((30, 24, -40), '#0F3A0BB03C7E')
((30, 32, -40), '#16FB095F3CA0')
((30, 40, -40), '#1F4A06E23CC5')
((30, 48, -40), '#282D043A3CEC')
((30, 56, -40), '#31AA01643D15')
((30, 0, -32), '#00AB113D3063')
((30, 8, -32), '#06DD0F63307F')
((30, 16, -32), '#0D8F0D62309C')
((30, 24, -32), '#14C60B3A30BC')
((30, 32, -32), '#1C8708E830DE')
((30, 40, -32), '#24D6066C3102')
((30, 48, -32), '#2DBA03C43129')
((30, 56, -32), '#373600ED3153')
((30, 0, -24), '#057910D72634')
((30, 8, -24), '#0BAB0EFC264F')
((30, 16, -24), '#125D0CFC266D')
((30, 24, -24), '#19940AD3268C')
((30, 32, -24), '#2155088226AE')
((30, 40, -24), '#29A4060526D3')
((30, 48, -24), '#3288035D26FA')
((30, 56, -24), '#3C0400872724')
((30, -8, -16), '#03DF12341D62')
((30, 0, -16), '#0996107F1D7B')
((30, 8, -16), '#0FC90EA41D96')
((30, 16, -16), '#167B0CA41DB3')
((30, 24, -16), '#1DB10A7B1DD3')
((30, 32, -16), '#2572082A1DF5')
((30, 40, -16), '#2DC205AE1E1A')
((30, 48, -16), '#36A503051E41')
((30, 56, -16), '#4021002F1E6A')
((30, -16, -8), '#0219137C15EA')
((30, -8, -8), '#075A11EA1602')
((30, 0, -8), '#0D111035161B')
((30, 8, -8), '#13430E5A1636')
((30, 16, -8), '#19F50C5A1653')
((30, 24, -8), '#212C0A311673')
((30, 32, -8), '#28ED07E01695')
((30, 40, -8), '#313C056316BA')
((30, 48, -8), '#3A2002BB16E1')
((30, -24, 0), '#002E14AF0FB1')
((30, -16, 0), '#04FE133F0FC6')
((30, -8, 0), '#0A4011AC0FDE')
((30, 0, 0), '#0FF70FF70FF7')
((30, 8, 0), '#16290E1C1012')
((30, 16, 0), '#1CDB0C1C102F')
((30, 24, 0), '#241209F3104F')
((30, 32, 0), '#2BD207A21071')
((30, 40, 0), '#342205261096')
((30, 48, 0), '#3D05027D10BD')
((30, -24, 8), '#028C147C0AAD')
((30, -16, 8), '#075D130C0AC2')
((30, -8, 8), '#0C9E117A0AD9')
((30, 0, 8), '#12550FC40AF2')
((30, 8, 8), '#18870DEA0B0D')
((30, 16, 8), '#1F390BE90B2B')
((30, 24, 8), '#267009C10B4A')
((30, 32, 8), '#2E30076F0B6C')
((30, 40, 8), '#368004F30B91')
((30, 48, 8), '#3F63024B0BB8')
((30, -32, 16), '#000D15A40697')
((30, -24, 16), '#0471145406AA')
((30, -16, 16), '#094112E406BF')
((30, -8, 16), '#0E82115106D6')
((30, 0, 16), '#14390F9C06EF')
((30, 8, 16), '#1A6B0DC1070B')
((30, 16, 16), '#211D0BC10728')
((30, 24, 16), '#285409990748')
((30, 32, 16), '#30150747076A')
((30, 40, 16), '#386404CB078E')
((30, 48, 16), '#4148022207B5')
((30, -32, 24), '#018515850379')
((30, -24, 24), '#05E91435038D')
((30, -16, 24), '#0AB912C403A2')
((30, -8, 24), '#0FFA113203B9')
((30, 0, 24), '#15B10F7C03D2')
((30, 8, 24), '#1BE30DA203ED')
((30, 16, 24), '#22950BA2040B')
((30, 24, 24), '#29CC0979042A')
((30, 32, 24), '#318D0728044C')
((30, 40, 24), '#39DC04AB0471')
((30, 48, 24), '#42C002030498')
((30, -32, 32), '#029E156D0124')
((30, -24, 32), '#0702141D0138')
((30, -16, 32), '#0BD312AD014D')
((30, -8, 32), '#1114111B0164')
((30, 0, 32), '#16CB0F65017D')
((30, 8, 32), '#1CFD0D8B0198')
((30, 16, 32), '#23AF0B8A01B6')
((30, 24, 32), '#2AE6096201D5')
((30, 32, 32), '#32A7071001F7')
((30, 40, 32), '#3AF60494021C')
((30, 48, 32), '#43D901EB0243')
((35, 64, -96), '#02AC06B0E33E')
((35, 72, -96), '#0F3702EFE375')
((35, 56, -88), '#0452091BC66A')
((35, 64, -88), '#102D0590C69E')
((35, 72, -88), '#1CB801CFC6D5')
((35, 48, -80), '#05760B6DAC16')
((35, 56, -80), '#10A60814AC47')
((35, 64, -80), '#1C820489AC7B')
((35, 72, -80), '#290D00C8ACB2')
((35, 40, -72), '#06220DA59424')
((35, 48, -72), '#10AC0A7E9453')
((35, 56, -72), '#1BDC07259484')
((35, 64, -72), '#27B7039994B8')
((35, 32, -64), '#065D0FC37E79')
((35, 40, -64), '#10460CCC7EA4')
((35, 48, -64), '#1AD009A57ED3')
((35, 56, -64), '#2600064D7F04')
((35, 64, -64), '#31DB02C17F38')
((35, 24, -56), '#063111C86AF6')
((35, 32, -56), '#0F7E0F006B1F')
((35, 40, -56), '#19670C096B4B')
((35, 48, -56), '#23F108E36B79')
((35, 56, -56), '#2F21058A6BAA')
((35, 64, -56), '#3AFC01FE6BDE')
((35, 16, -48), '#05A713B5597F')
((35, 24, -48), '#0E5C111A59A6')
((35, 32, -48), '#17A90E5259CF')
((35, 40, -48), '#21920B5B59FA')
((35, 48, -48), '#2C1C08345A28')
((35, 56, -48), '#374C04DC5A5A')
((35, 64, -48), '#432701505A8E')
((35, 8, -40), '#04C6158949F7')
((35, 16, -40), '#0CE9131A4A1B')
((35, 24, -40), '#159F107F4A41')
((35, 32, -40), '#1EEC0DB74A6A')
((35, 40, -40), '#28D50AC04A96')
((35, 48, -40), '#335F07994AC4')
((35, 56, -40), '#3E8F04414AF5')
((35, 64, -40), '#4A6A00B54B29')
((35, 0, -32), '#039817453C41')
((35, 8, -32), '#0B2E15003C62')
((35, 16, -32), '#135212913C86')
((35, 24, -32), '#1C070FF63CAC')
((35, 32, -32), '#25540D2E3CD5')
((35, 40, -32), '#2F3D0A383D01')
((35, 48, -32), '#39C707113D2F')
((35, 56, -32), '#44F703B83D60')
((35, 64, -32), '#50D2002C3D94')
((35, -8, -24), '#022618E9303F')
((35, 0, -24), '#093416CD305E')
((35, 8, -24), '#10CA1488307F')
((35, 16, -24), '#18ED121930A3')
((35, 24, -24), '#21A30F7F30C9')
((35, 32, -24), '#2AEF0CB730F2')
((35, 40, -24), '#34D809C0311E')
((35, 48, -24), '#3F620699314C')
((35, 56, -24), '#4A930341317D')
((35, -16, -16), '#00781A7625D5')
((35, -8, -16), '#0702188225F1')
((35, 0, -16), '#0E1016662610')
((35, 8, -16), '#15A614212632')
((35, 16, -16), '#1DC911B22656')
((35, 24, -16), '#267F0F17267C')
((35, 32, -16), '#2FCC0C4F26A5')
((35, 40, -16), '#39B5095826D0')
((35, 48, -16), '#443F063126FF')
((35, 56, -16), '#4F6F02D92730')
((35, -16, -8), '#04A31A1D1D00')
((35, -8, -8), '#0B2D18291D1C')
((35, 0, -8), '#123B160D1D3B')
((35, 8, -8), '#19D113C81D5D')
((35, 16, -8), '#21F411591D80')
((35, 24, -8), '#2AA90EBE1DA7')
((35, 32, -8), '#33F60BF61DCF')
((35, 40, -8), '#3DDF08FF1DFB')
((35, 48, -8), '#486905D81E29')
((35, 56, -8), '#539902801E5B')
((35, -24, 0), '#021D1BA1156B')
((35, -16, 0), '#082919D21586')
((35, -8, 0), '#0EB417DD15A2')
((35, 0, 0), '#15C115C115C1')
((35, 8, 0), '#1D57137D15E3')
((35, 16, 0), '#257B110E1607')
((35, 24, 0), '#2E300E73162D')
((35, 32, 0), '#377D0BAB1656')
((35, 40, 0), '#416608B41681')
((35, 48, 0), '#4BF0058D16B0')
((35, 56, 0), '#5720023516E1')
((35, -24, 8), '#050E1B620F30')
((35, -16, 8), '#0B1A19930F4A')
((35, -8, 8), '#11A4179F0F67')
((35, 0, 8), '#18B215830F86')
((35, 8, 8), '#2048133E0FA7')
((35, 16, 8), '#286B10CF0FCB')
((35, 24, 8), '#31210E340FF1')
((35, 32, 8), '#3A6E0B6C101A')
((35, 40, 8), '#445708751046')
((35, 48, 8), '#4EE1054F1074')
((35, 56, 8), '#5A1101F610A5')
((35, -32, 16), '#01E41CDA09FD')
((35, -24, 16), '#07761B2F0A16')
((35, -16, 16), '#0D8219600A30')
((35, -8, 16), '#140C176B0A4D')
((35, 0, 16), '#1B1A154F0A6C')
((35, 8, 16), '#22B0130B0A8D')
((35, 16, 16), '#2AD3109C0AB1')
((35, 24, 16), '#33890E010AD7')
((35, 32, 16), '#3CD60B390B00')
((35, 40, 16), '#46BF08420B2C')
((35, 48, 16), '#5149051B0B5A')
((35, 56, 16), '#5C7901C30B8B')
((35, -32, 24), '#03D11CB105E8')
((35, -24, 24), '#09631B060600')
((35, -16, 24), '#0F6F1937061B')
((35, -8, 24), '#15FA17420637')
((35, 0, 24), '#1D0715260656')
((35, 8, 24), '#249D12E10678')
((35, 16, 24), '#2CC11072069B')
((35, 24, 24), '#35760DD806C2')
((35, 32, 24), '#3EC30B1006EB')
((35, 40, 24), '#48AC08190716')
((35, 48, 24), '#533604F20744')
((35, 56, 24), '#5E66019A0776')
((35, -40, 32), '#00331E1802A3')
((35, -32, 32), '#05511C9002BA')
((35, -24, 32), '#0AE31AE602D2')
((35, -16, 32), '#10EF191702ED')
((35, -8, 32), '#177A17220309')
((35, 0, 32), '#1E8715060328')
((35, 8, 32), '#261D12C1034A')
((35, 16, 32), '#2E411052036D')
((35, 24, 32), '#36F60DB80394')
((35, 32, 32), '#40430AF003BD')
((35, 40, 32), '#4A2C07F903E8')
((35, 48, 32), '#54B604D20416')
((35, 56, 32), '#5FE6017A0448')
((35, -40, 40), '#01531E000040')
((35, -32, 40), '#06711C780056')
((35, -24, 40), '#0C041ACE006F')
((35, -16, 40), '#121018FF0089')
((35, -8, 40), '#189A170A00A6')
((35, 0, 40), '#1FA814EE00C5')
((35, 8, 40), '#273E12A900E6')
((35, 16, 40), '#2F61103A010A')
((35, 24, 40), '#38170DA00130')
((35, 32, 40), '#41640AD80159')
((35, 40, 40), '#4B4C07E10185')
((35, 48, 40), '#55D704BA01B3')
((35, 56, 40), '#6107016101E4')
((40, 56, -88), '#0C680D85E481')
((40, 64, -88), '#1A280968E4BE')
((40, 72, -88), '#28A60512E4FD')
((40, 80, -88), '#37E70083E540')
((40, 40, -80), '#00A313F9C73F')
((40, 48, -80), '#0CF81048C775')
((40, 56, -80), '#1A000C63C7AF')
((40, 64, -80), '#27C10846C7EB')
((40, 72, -80), '#363F03F0C82B')
((40, 32, -72), '#0168166BACB8')
((40, 40, -72), '#0D0E12F0ACEC')
((40, 48, -72), '#19630F3FAD22')
((40, 56, -72), '#266C0B5AAD5B')
((40, 64, -72), '#342C073DAD98')
((40, 72, -72), '#42AA02E7ADD7')
((40, 24, -64), '#01B718C49497')
((40, 32, -64), '#0CB3157A94C7')
((40, 40, -64), '#185A11FF94FB')
((40, 48, -64), '#24AF0E4E9531')
((40, 56, -64), '#31B70A69956A')
((40, 64, -64), '#3F78064C95A6')
((40, 72, -64), '#4DF601F695E6')
((40, 16, -56), '#01971B027EBE')
((40, 24, -56), '#0BF017EA7EEB')
((40, 32, -56), '#16EC14A07F1C')
((40, 40, -56), '#229311247F4F')
((40, 48, -56), '#2EE80D747F85')
((40, 56, -56), '#3BF0098F7FBE')
((40, 64, -56), '#49B105727FFB')
((40, 72, -56), '#582F011C803A')
((40, 8, -48), '#01131D256B10')
((40, 16, -48), '#0ACC1A3D6B3A')
((40, 24, -48), '#152417256B68')
((40, 32, -48), '#202113DC6B98')
((40, 40, -48), '#2BC710606BCB')
((40, 48, -48), '#381C0CB06C02')
((40, 56, -48), '#452408CA6C3B')
((40, 64, -48), '#52E504AD6C77')
((40, 72, -48), '#616300586CB7')
((40, 0, -40), '#00331F305970')
((40, 8, -40), '#09511C765998')
((40, 16, -40), '#1309198D59C2')
((40, 24, -40), '#1D62167559F0')
((40, 32, -40), '#285F132C5A20')
((40, 40, -40), '#34050FB05A53')
((40, 48, -40), '#405A0C005A8A')
((40, 56, -40), '#4D62081A5AC3')
((40, 64, -40), '#5B2303FD5AFF')
((40, 0, -32), '#07871E9349E6')
((40, 8, -32), '#10A51BD94A0E')
((40, 16, -32), '#1A5E18F14A39')
((40, 24, -32), '#24B615D94A66')
((40, 32, -32), '#2FB312904A97')
((40, 40, -32), '#3B590F144ACA')
((40, 48, -32), '#47AE0B644B00')
((40, 56, -32), '#54B6077E4B39')
((40, 64, -32), '#627703614B76')
((40, -8, -24), '#057820963C09')
((40, 0, -24), '#0E001E093C2E')
((40, 8, -24), '#171E1B4F3C56')
((40, 16, -24), '#20D718673C81')
((40, 24, -24), '#2B2F154F3CAE')
((40, 32, -24), '#362C12063CDF')
((40, 40, -24), '#41D20E8A3D12')
((40, 48, -24), '#4E270ADA3D48')
((40, 56, -24), '#5B2F06F43D81')
((40, 64, -24), '#68F002D73DBE')
((40, -16, -16), '#032B227F2FE2')
((40, -8, -16), '#0B22201D3005')
((40, 0, -16), '#13AB1D90302B')
((40, 8, -16), '#1CC91AD63053')
((40, 16, -16), '#268117EE307D')
((40, 24, -16), '#30DA14D630AB')
((40, 32, -16), '#3BD6118D30DB')
((40, 40, -16), '#477D0E11310E')
((40, 48, -16), '#53D20A613145')
((40, 56, -16), '#60DA067B317E')
((40, 64, -16), '#6E9B025E31BA')
((40, -24, -8), '#00AA244F2556')
((40, -16, -8), '#081622172576')
((40, -8, -8), '#100D1FB52599')
((40, 0, -8), '#18951D2725BF')
((40, 8, -8), '#21B31A6D25E7')
((40, 16, -8), '#2B6C17852611')
((40, 24, -8), '#35C4146D263F')
((40, 32, -8), '#40C11124266F')
((40, 40, -8), '#4C670DA826A2')
((40, 48, -8), '#58BC09F826D9')
((40, 56, -8), '#65C506122712')
((40, 64, -8), '#738501F5274E')
((40, -24, 0), '#04E223F51C64')
((40, -16, 0), '#0C4D21BD1C85')
((40, -8, 0), '#14451F5B1CA8')
((40, 0, 0), '#1CCD1CCD1CCD')
((40, 8, 0), '#25EB1A131CF5')
((40, 16, 0), '#2FA4172B1D20')
((40, 24, 0), '#39FC14131D4E')
((40, 32, 0), '#44F910CA1D7E')
((40, 40, 0), '#509F0D4E1DB1')
((40, 48, 0), '#5CF4099E1DE7')
((40, 56, 0), '#69FD05B81E20')
((40, 64, 0), '#77BD019B1E5D')
((40, -32, 8), '#019025B814B2')
((40, -24, 8), '#087523A814D0')
((40, -16, 8), '#0FE1217014F1')
((40, -8, 8), '#17D81F0E1514')
((40, 0, 8), '#20601C81153A')
((40, 8, 8), '#297E19C71562')
((40, 16, 8), '#333716DF158C')
((40, 24, 8), '#3D8F13C715BA')
((40, 32, 8), '#488C107E15EA')
((40, 40, 8), '#54320D02161D')
((40, 48, 8), '#608709521653')
((40, 56, 8), '#6D90056C168D')
((40, 64, 8), '#7B50014F16C9')
((40, -32, 16), '#048C25790E5F')
((40, -24, 16), '#0B7123690E7D')
((40, -16, 16), '#12DC21310E9E')
((40, -8, 16), '#1AD41ECF0EC1')
((40, 0, 16), '#235C1C410EE6')
((40, 8, 16), '#2C7A19870F0F')
((40, 16, 16), '#3633169F0F39')
((40, 24, 16), '#408B13870F67')
((40, 32, 16), '#4B88103E0F97')
((40, 40, 16), '#572E0CC20FCA')
((40, 48, 16), '#638309121000')
((40, 56, 16), '#708B052C103A')
((40, 64, 16), '#7E4C010F1076')
((40, -40, 24), '#009B272D0914')
((40, -32, 24), '#06FE25440930')
((40, -24, 24), '#0DE32335094E')
((40, -16, 24), '#154F20FC096F')
((40, -8, 24), '#1D461E9A0992')
((40, 0, 24), '#25CE1C0D09B7')
((40, 8, 24), '#2EEC195309DF')
((40, 16, 24), '#38A5166B0A0A')
((40, 24, 24), '#42FD13530A37')
((40, 32, 24), '#4DFA100A0A68')
((40, 40, 24), '#59A00C8E0A9B')
((40, 48, 24), '#65F508DE0AD1')
((40, 56, 24), '#72FE04F80B0A')
((40, 64, 24), '#80BE00DB0B47')
((40, -40, 32), '#0291270404EB')
((40, -32, 32), '#08F4251B0507')
((40, -24, 32), '#0FD9230B0525')
((40, -16, 32), '#174520D30546')
((40, -8, 32), '#1F3C1E710569')
((40, 0, 32), '#27C51BE3058E')
((40, 8, 32), '#30E3192905B6')
((40, 16, 32), '#3A9B164105E1')
((40, 24, 32), '#44F31329060F')
((40, 32, 32), '#4FF00FE0063F')
((40, 40, 32), '#5B970C640672')
((40, 48, 32), '#67EC08B406A8')
((40, 56, 32), '#74F404CE06E1')
((40, 64, 32), '#82B500B1071E')
((40, -40, 40), '#041926E301AC')
((40, -32, 40), '#0A7C24FA01C8')
((40, -24, 40), '#116122EA01E6')
((40, -16, 40), '#18CD20B20207')
((40, -8, 40), '#20C41E50022A')
((40, 0, 40), '#294D1BC3024F')
((40, 8, 40), '#326B19090277')
((40, 16, 40), '#3C23162002A2')
((40, 24, 40), '#467B130802D0')
((40, 32, 40), '#51780FBF0300')
((40, 40, 40), '#5D1F0C430333')
((40, 48, 40), '#697408930369')
((40, 56, 40), '#767C04AE03A2')
((40, 64, 40), '#843D009103DF')
((40, 8, 48), '#339218F00005')
((40, 16, 48), '#3D4B16080030')
((40, 24, 48), '#47A312F0005D')
((40, 32, 48), '#52A00FA7008E')
((40, 40, 48), '#5E460C2B00C1')
((40, 48, 48), '#6A9B087B00F7')
((40, 56, 48), '#77A304950130')
((40, 64, 48), '#85640078016D')
((45, 40, -80), '#07D01A95E54B')
((45, 48, -80), '#16141651E58A')
((45, 56, -80), '#251811D4E5CC')
((45, 64, -80), '#34E30D1BE611')
((45, 72, -80), '#45780825E65A')
((45, 80, -80), '#56DC02F2E6A6')
((45, 32, -72), '#07F91D7DC80A')
((45, 40, -72), '#15811971C846')
((45, 48, -72), '#23C5152DC884')
((45, 56, -72), '#32C910AFC8C6')
((45, 64, -72), '#42930BF7C90C')
((45, 72, -72), '#53280701C954')
((45, 80, -72), '#648D01CDC9A1')
((45, 24, -64), '#07AB2047AD4E')
((45, 32, -64), '#147C1C72AD86')
((45, 40, -64), '#22031866ADC1')
((45, 48, -64), '#30471422AE00')
((45, 56, -64), '#3F4B0FA5AE42')
((45, 64, -64), '#4F160AECAE88')
((45, 72, -64), '#5FAB05F6AED0')
((45, 80, -64), '#710F00C3AF1D')
((45, 16, -56), '#06ED22F594F9')
((45, 24, -56), '#130C1F55952E')
((45, 32, -56), '#1FDD1B7F9567')
((45, 40, -56), '#2D64177495A2')
((45, 48, -56), '#3BA8132F95E1')
((45, 56, -56), '#4AAD0EB29623')
((45, 64, -56), '#5A7709F99668')
((45, 72, -56), '#6B0C050396B1')
((45, 8, -48), '#05C925857EEF')
((45, 16, -48), '#113B22197F21')
((45, 24, -48), '#1D5A1E797F56')
((45, 32, -48), '#2A2B1AA47F8F')
((45, 40, -48), '#37B216987FCA')
((45, 48, -48), '#45F612548009')
((45, 56, -48), '#54FA0DD6804B')
((45, 64, -48), '#64C5091D8090')
((45, 72, -48), '#755A042880D9')
((45, 0, -40), '#044727F96B12')
((45, 8, -40), '#0F1124BF6B42')
((45, 16, -40), '#1A8321536B74')
((45, 24, -40), '#26A21DB36BA9')
((45, 32, -40), '#337319DE6BE2')
((45, 40, -40), '#40FB15D26C1D')
((45, 48, -40), '#4F3E118E6C5C')
((45, 56, -40), '#5E430D106C9E')
((45, 64, -40), '#6E0D08576CE3')
((45, 72, -40), '#7EA203616D2C')
((45, -8, -32), '#02702A515946')
((45, 0, -32), '#0C9727485973')
((45, 8, -32), '#1761240E59A2')
((45, 16, -32), '#22D320A159D4')
((45, 24, -32), '#2EF21D015A0A')
((45, 32, -32), '#3BC3192C5A42')
((45, 40, -32), '#494B15205A7D')
((45, 48, -32), '#578E10DC5ABC')
((45, 56, -32), '#66930C5F5AFE')
((45, 64, -32), '#765D07A65B44')
((45, 72, -32), '#86F202B05B8C')
((45, -16, -24), '#004E2C8D496D')
((45, -8, -24), '#09D629B34997')
((45, 0, -24), '#13FD26AA49C4')
((45, 8, -24), '#1EC7237049F3')
((45, 16, -24), '#2A3920034A26')
((45, 24, -24), '#36581C634A5B')
((45, 32, -24), '#4329188E4A93')
((45, 40, -24), '#50B114824ACF')
((45, 48, -24), '#5EF4103E4B0D')
((45, 56, -24), '#6DF90BC14B4F')
((45, 64, -24), '#7DC307084B95')
((45, 72, -24), '#8E5802124BDE')
((45, -16, -16), '#06D72C013B92')
((45, -8, -16), '#106029273BBC')
((45, 0, -16), '#1A87261E3BE9')
((45, 8, -16), '#255122E43C18')
((45, 16, -16), '#30C21F783C4A')
((45, 24, -16), '#3CE11BD83C80')
((45, 32, -16), '#49B218033CB8')
((45, 40, -16), '#573A13F73CF4')
((45, 48, -16), '#657E0FB33D32')
((45, 56, -16), '#74820B353D74')
((45, 64, -16), '#844C067C3DBA')
((45, 72, -16), '#94E101873E02')
((45, -24, -8), '#03A22E332F47')
((45, -16, -8), '#0C912B872F6E')
((45, -8, -8), '#161A28AD2F98')
((45, 0, -8), '#204125A42FC4')
((45, 8, -8), '#2B0B226A2FF4')
((45, 16, -8), '#367D1EFE3026')
((45, 24, -8), '#429C1B5E305B')
((45, 32, -8), '#4F6D17893094')
((45, 40, -8), '#5CF4137D30CF')
((45, 48, -8), '#6B380F39310E')
((45, 56, -8), '#7A3C0ABB3150')
((45, 64, -8), '#8A0706023195')
((45, 72, -8), '#9A9C010D31DE')
((45, -32, 0), '#003F30492497')
((45, -24, 0), '#089B2DC924BC')
((45, -16, 0), '#118A2B1D24E3')
((45, -8, 0), '#1B132843250D')
((45, 0, 0), '#253A253A253A')
((45, 8, 0), '#300422002569')
((45, 16, 0), '#3B761E94259C')
((45, 24, 0), '#47951AF425D1')
((45, 32, 0), '#5466171F2609')
((45, 40, 0), '#61ED13132645')
((45, 48, 0), '#70310ECF2683')
((45, 56, 0), '#7F350A5126C5')
((45, 64, 0), '#8F000598270B')
((45, 72, 0), '#9F9500A32754')
((45, -32, 8), '#04852FEE1B8A')
((45, -24, 8), '#0CE02D6E1BAE')
((45, -16, 8), '#15D02AC21BD6')
((45, -8, 8), '#1F5827E81C00')
((45, 0, 8), '#297F24DF1C2C')
((45, 8, 8), '#344921A51C5C')
((45, 16, 8), '#3FBB1E391C8E')
((45, 24, 8), '#4BDA1A991CC3')
((45, 32, 8), '#58AB16C31CFB')
((45, 40, 8), '#663312B81D37')
((45, 48, 8), '#74760E741D76')
((45, 56, 8), '#837B09F61DB8')
((45, 64, 8), '#9345053D1DFD')
((45, 72, 8), '#A3DA00471E46')
((45, -40, 16), '#005831F613BA')
((45, -32, 16), '#08242FA113DC')
((45, -24, 16), '#107F2D211401')
((45, -16, 16), '#196F2A751428')
((45, -8, 16), '#22F8279B1452')
((45, 0, 16), '#2D1F2492147E')
((45, 8, 16), '#37E9215814AE')
((45, 16, 16), '#435A1DEB14E0')
((45, 24, 16), '#4F791A4B1515')
((45, 32, 16), '#5C4A1676154E')
((45, 40, 16), '#69D2126A1589')
((45, 48, 16), '#78160E2615C8')
((45, 56, 16), '#871A09A8160A')
((45, 64, 16), '#96E404F0164F')
((45, -40, 24), '#035F31B50D4F')
((45, -32, 24), '#0B2B2F600D71')
((45, -24, 24), '#13862CE00D96')
((45, -16, 24), '#1C762A340DBD')
((45, -8, 24), '#25FF275A0DE7')
((45, 0, 24), '#302624510E13')
((45, 8, 24), '#3AF021170E43')
((45, 16, 24), '#46621DAB0E75')
((45, 24, 24), '#52801A0B0EAA')
((45, 32, 24), '#5F5116360EE3')
((45, 40, 24), '#6CD9122A0F1E')
((45, 48, 24), '#7B1D0DE60F5D')
((45, 56, 24), '#8A2109680F9F')
((45, 64, 24), '#99EB04AF0FE4')
((45, -40, 32), '#05DB3180080A')
((45, -32, 32), '#0DA72F2B082C')
((45, -24, 32), '#16032CAB0851')
((45, -16, 32), '#1EF229FF0878')
((45, -8, 32), '#287B272508A2')
((45, 0, 32), '#32A2241C08CE')
((45, 8, 32), '#3D6C20E208FE')
((45, 16, 32), '#48DE1D760930')
((45, 24, 32), '#54FD19D60965')
((45, 32, 32), '#61CE1601099E')
((45, 40, 32), '#6F5511F509D9')
((45, 48, 32), '#7D990DB10A18')
((45, 56, 32), '#8C9E09330A5A')
((45, 64, 32), '#9C68047A0A9F')
((45, -48, 40), '#0098338103AE')
((45, -40, 40), '#07DA315503CE')
((45, -32, 40), '#0FA72F0003F0')
((45, -24, 40), '#18022C810415')
((45, -16, 40), '#20F229D4043C')
((45, -8, 40), '#2A7B26FA0466')
((45, 0, 40), '#34A123F10492')
((45, 8, 40), '#3F6B20B704C2')
((45, 16, 40), '#4ADD1D4B04F4')
((45, 24, 40), '#56FC19AB0529')
((45, 32, 40), '#63CD15D60562')
((45, 40, 40), '#715511CA059D')
((45, 48, 40), '#7F990D8605DC')
((45, 56, 40), '#8E9D0908061E')
((45, 64, 40), '#9E67044F0663')
((45, -48, 48), '#02293360005E')
((45, -40, 48), '#096B3134007D')
((45, -32, 48), '#11372EDF00A0')
((45, -24, 48), '#19922C5F00C4')
((45, -16, 48), '#228229B300EC')
((45, -8, 48), '#2C0B26D90116')
((45, 0, 48), '#363223D00142')
((45, 8, 48), '#40FB20960172')
((45, 16, 48), '#4C6D1D2A01A4')
((45, 24, 48), '#588C198A01D9')
((45, 32, 48), '#655D15B50211')
((45, 40, 48), '#72E511A9024D')
((45, 48, 48), '#81290D65028C')
((45, 56, 48), '#902D08E702CE')
((45, 64, 48), '#9FF7042E0313')
((45, 48, 56), '#82570D4B000B')
((45, 56, 56), '#915B08CE004D')
((45, 64, 56), '#A12604150092')
((50, 24, -72), '#01432A5CE5CC')
((50, 32, -72), '#100C25F0E60D')
((50, 40, -72), '#1F992149E651')
((50, 48, -72), '#2FF01C66E699')
((50, 56, -72), '#41141746E6E4')
((50, 64, -72), '#530C11E6E733')
((50, 72, -72), '#65DC0C46E786')
((50, 80, -72), '#79890664E7DD')
((50, 88, -72), '#8E18003EE837')
((50, 16, -64), '#01022D68C856')
((50, 24, -64), '#0F0C2936C894')
((50, 32, -64), '#1DD524CAC8D4')
((50, 40, -64), '#2D622023C919')
((50, 48, -64), '#3DB91B40C961')
((50, 56, -64), '#4EDD1620C9AC')
((50, 64, -64), '#60D510C0C9FB')
((50, 72, -64), '#73A50B20CA4E')
((50, 80, -64), '#8752053ECAA4')
((50, 8, -56), '#004C3056AD67')
((50, 16, -56), '#0D9B2C5BADA1')
((50, 24, -56), '#1BA52829ADDF')
((50, 32, -56), '#2A6E23BDAE20')
((50, 40, -56), '#39FB1F16AE64')
((50, 48, -56), '#4A521A33AEAC')
((50, 56, -56), '#5B761513AEF7')
((50, 64, -56), '#6D6E0FB3AF46')
((50, 72, -56), '#803E0A13AF99')
((50, 80, -56), '#93EB0431AFEF')
((50, 8, -48), '#0BC32F629519')
((50, 16, -48), '#19132B679553')
((50, 24, -48), '#271C27349591')
((50, 32, -48), '#35E522C895D2')
((50, 40, -48), '#45721E229616')
((50, 48, -48), '#55C9193F965E')
((50, 56, -48), '#66ED141E96A9')
((50, 64, -48), '#78E50EBF96F8')
((50, 72, -48), '#8BB5091E974B')
((50, 80, -48), '#9F62033C97A1')
((50, 0, -40), '#098C32497EDD')
((50, 8, -40), '#16262E847F15')
((50, 16, -40), '#23752A897F4F')
((50, 24, -40), '#317F26577F8D')
((50, 32, -40), '#404821EB7FCE')
((50, 40, -40), '#4FD51D448012')
((50, 48, -40), '#602C1861805A')
((50, 56, -40), '#7150134180A5')
((50, 64, -40), '#83480DE180F4')
((50, 72, -40), '#961808418147')
((50, 80, -40), '#A9C5025F819D')
((50, -8, -32), '#06FF35116AD2')
((50, 0, -32), '#12E831816B06')
((50, 8, -32), '#1F822DBD6B3D')
((50, 16, -32), '#2CD129C26B78')
((50, 24, -32), '#3ADB258F6BB6')
((50, 32, -32), '#49A421236BF6')
((50, 40, -32), '#59311C7C6C3B')
((50, 48, -32), '#6988179A6C83')
((50, 56, -32), '#7AAC12796CCE')
((50, 64, -32), '#8CA40D196D1D')
((50, 72, -32), '#9F7407796D70')
((50, 80, -32), '#B32101976DC6')
((50, -16, -24), '#042437BB58D9')
((50, -8, -24), '#0F62345E590A')
((50, 0, -24), '#1B4B30CE593F')
((50, 8, -24), '#27E52D0A5976')
((50, 16, -24), '#3534290F59B1')
((50, 24, -24), '#433E24DC59EE')
((50, 32, -24), '#520720705A2F')
((50, 40, -24), '#61941BC95A74')
((50, 48, -24), '#71EB16E75ABB')
((50, 56, -24), '#830F11C65B07')
((50, 64, -24), '#95070C675B56')
((50, 72, -24), '#A7D706C65BA8')
((50, 80, -24), '#BB8400E45BFF')
((50, -24, -16), '#01043A4748D6')
((50, -16, -16), '#0B9B371C4905')
((50, -8, -16), '#16D933BF4936')
((50, 0, -16), '#22C3302F496A')
((50, 8, -16), '#2F5D2C6A49A2')
((50, 16, -16), '#3CAC286F49DC')
((50, 24, -16), '#4AB6243D4A1A')
((50, 32, -16), '#597F1FD14A5B')
((50, 40, -16), '#690C1B2A4A9F')
((50, 48, -16), '#796216474AE7')
((50, 56, -16), '#8A8711274B32')
((50, 64, -16), '#9C7F0BC74B81')
((50, 72, -16), '#AF4E06274BD4')
((50, 80, -16), '#C2FB00454C2A')
((50, -24, -8), '#079E39BA3AD8')
((50, -16, -8), '#1235368F3B06')
((50, -8, -8), '#1D7333323B38')
((50, 0, -8), '#295D2FA23B6C')
((50, 8, -8), '#35F72BDD3BA3')
((50, 16, -8), '#434627E23BDE')
((50, 24, -8), '#515023B03C1C')
((50, 32, -8), '#60181F443C5D')
((50, 40, -8), '#6FA61A9D3CA1')
((50, 48, -8), '#7FFC15BA3CE9')
((50, 56, -8), '#9121109A3D34')
((50, 64, -8), '#A3180B3A3D83')
((50, 72, -8), '#B5E8059A3DD6')
((50, -32, 0), '#03723C392E67')
((50, -24, 0), '#0D68393E2E92')
((50, -16, 0), '#17FF36132EC1')
((50, -8, 0), '#233D32B72EF2')
((50, 0, 0), '#2F272F272F27')
((50, 8, 0), '#3BC12B622F5E')
((50, 16, 0), '#491027672F99')
((50, 24, 0), '#571923342FD6')
((50, 32, 0), '#65E21EC83017')
((50, 40, 0), '#75701A22305C')
((50, 48, 0), '#85C6153F30A3')
((50, 56, 0), '#96EB101E30EF')
((50, 64, 0), '#A8E20ABF313E')
((50, 72, 0), '#BBB2051F3190')
((50, -32, 8), '#08793BCE23BD')
((50, -24, 8), '#126F38D323E9')
((50, -16, 8), '#1D0735A82418')
((50, -8, 8), '#2845324B2449')
((50, 0, 8), '#342E2EBB247D')
((50, 8, 8), '#40C82AF724B5')
((50, 16, 8), '#4E1726FC24EF')
((50, 24, 8), '#5C2122C9252D')
((50, 32, 8), '#6AEA1E5D256E')
((50, 40, 8), '#7A7719B625B2')
((50, 48, 8), '#8ACD14D425FA')
((50, 56, 8), '#9BF20FB32645')
((50, 64, 8), '#ADEA0A542694')
((50, 72, 8), '#C0BA04B326E7')
((50, -40, 16), '#03733E3D1A6A')
((50, -32, 16), '#0CCC3B711A93')
((50, -24, 16), '#16C238771ABF')
((50, -16, 16), '#215A354C1AED')
((50, -8, 16), '#2C9831EF1B1F')
((50, 0, 16), '#38812E5F1B53')
((50, 8, 16), '#451B2A9A1B8B')
((50, 16, 16), '#526A269F1BC5')
((50, 24, 16), '#6074226D1C03')
((50, 32, 16), '#6F3D1E011C44')
((50, 40, 16), '#7ECA195A1C88')
((50, 48, 16), '#8F2014771CD0')
((50, 56, 16), '#A0450F571D1B')
((50, 64, 16), '#B23D09F71D6A')
((50, 72, 16), '#C50D04571DBD')
((50, -40, 24), '#071E3DEF12A2')
((50, -32, 24), '#10783B2312CB')
((50, -24, 24), '#1A6E382812F7')
((50, -16, 24), '#250534FD1325')
((50, -8, 24), '#304331A11357')
((50, 0, 24), '#3C2D2E11138B')
((50, 8, 24), '#48C72A4C13C2')
((50, 16, 24), '#5616265113FD')
((50, 24, 24), '#641F221E143B')
((50, 32, 24), '#72E81DB2147C')
((50, 40, 24), '#8276190C14C0')
((50, 48, 24), '#92CC14291508')
((50, 56, 24), '#A3F10F091553')
((50, 64, 24), '#B5E809A915A2')
((50, 72, 24), '#C8B8040915F5')
((50, -48, 32), '#016F404C0BF8')
((50, -40, 32), '#0A313DAD0C1F')
((50, -32, 32), '#138A3AE10C48')
((50, -24, 32), '#1D8037E70C74')
((50, -16, 32), '#281834BC0CA2')
((50, -8, 32), '#3356315F0CD4')
((50, 0, 32), '#3F3F2DCF0D08')
((50, 8, 32), '#4BD92A0B0D3F')
((50, 16, 32), '#592826100D7A')
((50, 24, 32), '#673221DD0DB8')
((50, 32, 32), '#75FB1D710DF9')
((50, 40, 32), '#858818CA0E3D')
((50, 48, 32), '#95DE13E80E85')
((50, 56, 32), '#A7030EC70ED0')
((50, 64, 32), '#B8FB09670F1F')
((50, 72, 32), '#CBCB03C70F72')
((50, -48, 40), '#03F64016069E')
((50, -40, 40), '#0CB73D7706C4')
((50, -32, 40), '#16113AAC06ED')
((50, -24, 40), '#200737B10719')
((50, -16, 40), '#2A9E34860748')
((50, -8, 40), '#35DC31290779')
((50, 0, 40), '#41C62D9907AD')
((50, 8, 40), '#4E6029D507E5')
((50, 16, 40), '#5BAF25DA081F')
((50, 24, 40), '#69B921A7085D')
((50, 32, 40), '#78811D3B089E')
((50, 40, 40), '#880F189408E2')
((50, 48, 40), '#986513B2092A')
((50, 56, 40), '#A98A0E910975')
((50, 64, 40), '#BB81093209C4')
((50, 72, 40), '#CE5103910A17')
((50, -48, 48), '#05FE3FEA024E')
((50, -40, 48), '#0EC03D4C0275')
((50, -32, 48), '#18193A80029E')
((50, -24, 48), '#220F378602C9')
((50, -16, 48), '#2CA7345B02F8')
((50, -8, 48), '#37E530FE0329')
((50, 0, 48), '#43CE2D6E035E')
((50, 8, 48), '#506829A90395')
((50, 16, 48), '#5DB725AE03D0')
((50, 24, 48), '#6BC1217C040D')
((50, 32, 48), '#7A8A1D10044E')
((50, 40, 48), '#8A1718690493')
((50, 48, 48), '#9A6E138604DA')
((50, 56, 48), '#AB920E660526')
((50, 64, 48), '#BD8A09060575')
((50, 72, 48), '#D05A036605C7')
((50, 8, 56), '#520029870034')
((50, 16, 56), '#5F50258C006E')
((50, 24, 56), '#6D59215A00AC')
((50, 32, 56), '#7C221CEE00ED')
((50, 40, 56), '#8BAF18470131')
((50, 48, 56), '#9C0613640179')
((50, 56, 56), '#AD2A0E4401C4')
((50, 64, 56), '#BF2208E40213')
((50, 72, 56), '#D1F203440266')
((55, 16, -64), '#07E2387EE641')
((55, 24, -64), '#17FA33AEE688')
((55, 32, -64), '#28DF2EA0E6D2')
((55, 40, -64), '#3A962954E720')
((55, 48, -64), '#4D2323C8E772')
((55, 56, -64), '#608C1DFAE7C7')
((55, 64, -64), '#74D517E9E820')
((55, 72, -64), '#8A041193E87D')
((55, 80, -64), '#A01D0AF7E8DE')
((55, 88, -64), '#B7260414E943')
((55, 8, -56), '#06723BEAC892')
((55, 16, -56), '#15C33756C8D5')
((55, 24, -56), '#25DB3285C91C')
((55, 32, -56), '#36C02D78C966')
((55, 40, -56), '#4877282CC9B4')
((55, 48, -56), '#5B0422A0CA06')
((55, 56, -56), '#6E6D1CD2CA5B')
((55, 64, -56), '#82B616C1CAB4')
((55, 72, -56), '#97E5106BCB11')
((55, 80, -56), '#ADFE09CFCB72')
((55, 88, -56), '#C50602ECCBD8')
((55, 0, -48), '#04943F36AD6D')
((55, 8, -48), '#13223ADBADAD')
((55, 16, -48), '#22733647ADF0')
((55, 24, -48), '#328B3177AE37')
((55, 32, -48), '#43702C69AE81')
((55, 40, -48), '#5527271DAECF')
((55, 48, -48), '#67B42191AF20')
((55, 56, -48), '#7B1D1BC3AF75')
((55, 64, -48), '#8F6615B2AFCF')
((55, 72, -48), '#A4950F5CB02C')
((55, 80, -48), '#BAAE08C0B08D')
((55, 88, -48), '#D1B701DDB0F2')
((55, -8, -40), '#0252426194B3')
((55, 0, -40), '#10223E3F94F0')
((55, 8, -40), '#1EAF39E59530')
((55, 16, -40), '#2E0035519573')
((55, 24, -40), '#3E18308095BA')
((55, 32, -40), '#4EFD2B739604')
((55, 40, -40), '#60B426279652')
((55, 48, -40), '#7341209A96A4')
((55, 56, -40), '#86AA1ACD96F9')
((55, 64, -40), '#9AF314BB9752')
((55, 72, -40), '#B0220E6697AF')
((55, 80, -40), '#C63B07CA9810')
((55, 88, -40), '#DD4400E69875')
((55, -8, -32), '#0CC941817E83')
((55, 0, -32), '#1A993D607EBF')
((55, 8, -32), '#292739067EFF')
((55, 16, -32), '#387834717F43')
((55, 24, -32), '#48902FA17F89')
((55, 32, -32), '#59752A947FD4')
((55, 40, -32), '#6B2C25478021')
((55, 48, -32), '#7DB91FBB8073')
((55, 56, -32), '#912219ED80C8')
((55, 64, -32), '#A56B13DC8121')
((55, 72, -32), '#BA9A0D86817F')
((55, 80, -32), '#D0B306EA81E0')
((55, 88, -32), '#E7BC00078245')
((55, -16, -24), '#092244A26A48')
((55, -8, -24), '#163940B86A81')
((55, 0, -24), '#24093C976ABE')
((55, 8, -24), '#3297383C6AFE')
((55, 16, -24), '#41E833A86B41')
((55, 24, -24), '#52002ED86B88')
((55, 32, -24), '#62E529CA6BD2')
((55, 40, -24), '#749C247E6C20')
((55, 48, -24), '#87291EF26C72')
((55, 56, -24), '#9A9219246CC7')
((55, 64, -24), '#AEDB13136D20')
((55, 72, -24), '#C40A0CBD6D7D')
((55, 80, -24), '#DA2306216DDE')
((55, -24, -16), '#053447A25822')
((55, -16, -16), '#119843EE5859')
((55, -8, -16), '#1EAF40045892')
((55, 0, -16), '#2C7F3BE258CF')
((55, 8, -16), '#3B0D3788590F')
((55, 16, -16), '#4A5D32F35952')
((55, 24, -16), '#5A762E235999')
((55, 32, -16), '#6B5B291659E3')
((55, 40, -16), '#7D1123CA5A31')
((55, 48, -16), '#8F9F1E3D5A82')
((55, 56, -16), '#A307186F5AD8')
((55, 64, -16), '#B751125E5B31')
((55, 72, -16), '#CC7F0C085B8E')
((55, 80, -16), '#E299056D5BEF')
((55, -32, -8), '#01094A8247F5')
((55, -24, -8), '#0CBE47014828')
((55, -16, -8), '#1921434D485F')
((55, -8, -8), '#26383F634898')
((55, 0, -8), '#34083B4148D5')
((55, 8, -8), '#429636E74915')
((55, 16, -8), '#51E732534958')
((55, 24, -8), '#61FF2D82499F')
((55, 32, -8), '#72E4287549E9')
((55, 40, -8), '#849B23294A37')
((55, 48, -8), '#97281D9C4A88')
((55, 56, -8), '#AA9117CF4ADE')
((55, 64, -8), '#BEDA11BD4B37')
((55, 72, -8), '#D4090B684B94')
((55, 80, -8), '#EA2204CC4BF5')
((55, -32, 0), '#07B449F339D3')
((55, -24, 0), '#136846733A06')
((55, -16, 0), '#1FCC42BF3A3D')
((55, -8, 0), '#2CE33ED53A76')
((55, 0, 0), '#3AB33AB33AB3')
((55, 8, 0), '#494136593AF3')
((55, 16, 0), '#589231C43B36')
((55, 24, 0), '#68AA2CF43B7D')
((55, 32, 0), '#798F27E73BC7')
((55, 40, 0), '#8B45229B3C15')
((55, 48, 0), '#9DD31D0E3C67')
((55, 56, 0), '#B13B17403CBC')
((55, 64, 0), '#C585112F3D15')
((55, 72, 0), '#DAB40AD93D72')
((55, 80, 0), '#F0CD043E3DD3')
((55, -40, 8), '#02834CC42D3C')
((55, -32, 8), '#0D8D49772D6C')
((55, -24, 8), '#194245F62DA0')
((55, -16, 8), '#25A542422DD6')
((55, -8, 8), '#32BD3E582E10')
((55, 0, 8), '#408D3A362E4D')
((55, 8, 8), '#4F1A35DC2E8D')
((55, 16, 8), '#5E6B31482ED0')
((55, 24, 8), '#6E832C772F17')
((55, 32, 8), '#7F68276A2F61')
((55, 40, 8), '#911F221E2FAF')
((55, 48, 8), '#A3AC1C913000')
((55, 56, 8), '#B71516C33055')
((55, 64, 8), '#CB5E10B230AF')
((55, 72, 8), '#E08D0A5D310C')
((55, 80, 8), '#F6A603C1316D')
((55, -40, 16), '#07994C572274')
((55, -32, 16), '#12A4490A22A4')
((55, -24, 16), '#1E58458A22D8')
((55, -16, 16), '#2ABB41D5230E')
((55, -8, 16), '#37D33DEB2348')
((55, 0, 16), '#45A339CA2384')
((55, 8, 16), '#5431356F23C4')
((55, 16, 16), '#638130DB2408')
((55, 24, 16), '#73992C0B244E')
((55, 32, 16), '#847E26FD2499')
((55, 40, 16), '#963521B124E6')
((55, 48, 16), '#A8C21C252538')
((55, 56, 16), '#BC2B1657258D')
((55, 64, 16), '#D074104625E6')
((55, 72, 16), '#E5A309F02643')
((55, 80, 16), '#FBBC035426A4')
((55, -48, 24), '#01944F1618FF')
((55, -40, 24), '#0BF94BFA192D')
((55, -32, 24), '#170448AD195D')
((55, -24, 24), '#22B8452D1991')
((55, -16, 24), '#2F1C417819C7')
((55, -8, 24), '#3C333D8E1A01')
((55, 0, 24), '#4A03396C1A3D')
((55, 8, 24), '#589135121A7D')
((55, 16, 24), '#67E1307E1AC1')
((55, 24, 24), '#77FA2BAD1B07')
((55, 32, 24), '#88DF26A01B52')
((55, 40, 24), '#9A9521541B9F')
((55, 48, 24), '#AD231BC81BF1')
((55, 56, 24), '#C08B15FA1C46')
((55, 64, 24), '#D4D50FE81C9F')
((55, 72, 24), '#EA0309931CFC')
((55, -48, 32), '#054C4EC7111D')
((55, -40, 32), '#0FB24BAB114A')
((55, -32, 32), '#1ABC485D117B')
((55, -24, 32), '#267144DD11AE')
((55, -16, 32), '#32D4412911E5')
((55, -8, 32), '#3FEB3D3F121E')
((55, 0, 32), '#4DBB391D125B')
((55, 8, 32), '#5C4934C3129B')
((55, 16, 32), '#6B9A302E12DE')
((55, 24, 32), '#7BB22B5E1325')
((55, 32, 32), '#8C972651136F')
((55, 40, 32), '#9E4E210413BD')
((55, 48, 32), '#B0DB1B78140E')
((55, 56, 32), '#C44415AA1464')
((55, 64, 32), '#D88D0F9914BD')
((55, 72, 32), '#EDBC0943151A')
((55, -48, 40), '#086A4E840A81')
((55, -40, 40), '#12CF4B680AAF')
((55, -32, 40), '#1DDA481B0AE0')
((55, -24, 40), '#298E449B0B13')
((55, -16, 40), '#35F240E60B49')
((55, -8, 40), '#43093CFC0B83')
((55, 0, 40), '#50D938DB0BC0')
((55, 8, 40), '#5F6734800C00')
((55, 16, 40), '#6EB72FEC0C43')
((55, 24, 40), '#7ED02B1C0C8A')
((55, 32, 40), '#8FB5260E0CD4')
((55, 40, 40), '#A16B20C20D22')
((55, 48, 40), '#B3F91B360D73')
((55, 56, 40), '#C76115680DC9')
((55, 64, 40), '#DBAB0F570E22')
((55, 72, 40), '#F0D909010E7F')
((55, -56, 48), '#0135513904E6')
((55, -48, 48), '#0AFB4E4D0511')
((55, -40, 48), '#15604B31053E')
((55, -32, 48), '#206B47E4056F')
((55, -24, 48), '#2C1F446405A2')
((55, -16, 48), '#388340AF05D9')
((55, -8, 48), '#459A3CC50612')
((55, 0, 48), '#536A38A4064F')
((55, 8, 48), '#61F8344A068F')
((55, 16, 48), '#71482FB506D2')
((55, 24, 48), '#81612AE50719')
((55, 32, 48), '#924625D70763')
((55, 40, 48), '#A3FC208B07B1')
((55, 48, 48), '#B68A1AFF0803')
((55, 56, 48), '#C9F215310858')
((55, 64, 48), '#DE3C0F2008B1')
((55, 72, 48), '#F36A08CA090E')
((55, -56, 56), '#0347510D0082')
((55, -48, 56), '#0D0D4E2100AD')
((55, -40, 56), '#17724B0500DB')
((55, -32, 56), '#227D47B8010C')
((55, -24, 56), '#2E314438013F')
((55, -16, 56), '#3A9540830175')
((55, -8, 56), '#47AC3C9901AF')
((55, 0, 56), '#557C387801EC')
((55, 8, 56), '#640A341D022C')
((55, 16, 56), '#735A2F89026F')
((55, 24, 56), '#83732AB902B6')
((55, 32, 56), '#945825AB0300')
((55, 40, 56), '#A60E205F034E')
((55, 48, 56), '#B89C1AD3039F')
((55, 56, 56), '#CC04150503F5')
((55, 64, 56), '#E04E0EF4044E')
((55, 72, 56), '#F57C089E04AB')
((55, 48, 64), '#BA3C1AB0002C')
((55, 56, 64), '#CDA514E20082')
((55, 64, 64), '#E1EE0ED100DB')
((55, 72, 64), '#F71D087B0138')
((60, 8, -56), '#0E0C493CE669')
((60, 16, -56), '#1F824403E6B6')
((60, 24, -56), '#31CD3E8AE706')
((60, 32, -56), '#44F238D1E75A')
((60, 40, -56), '#58F632D4E7B2')
((60, 48, -56), '#6DDE2C94E80E')
((60, 56, -56), '#83AF260DE86E')
((60, 64, -56), '#9A6E1F40E8D2')
((60, 72, -56), '#B220182AE93A')
((60, 80, -56), '#CAC910CAE9A6')
((60, 88, -56), '#E46F091EEA17')
((60, 96, -56), '#FF170125EA8C')
((60, 0, -48), '#0B5F4D0CC881')
((60, 8, -48), '#1C054811C8CA')
((60, 16, -48), '#2D7B42D9C917')
((60, 24, -48), '#3FC63D60C967')
((60, 32, -48), '#52EB37A6C9BB')
((60, 40, -48), '#66EF31AACA13')
((60, 48, -48), '#7BD72B6ACA6F')
((60, 56, -48), '#91A824E3CACF')
((60, 64, -48), '#A8671E16CB33')
((60, 72, -48), '#C0191700CB9B')
((60, 80, -48), '#D8C20FA0CC07')
((60, 88, -48), '#F26807F4CC78')
((60, -8, -40), '#084C50B9AD24')
((60, 0, -40), '#18274BFBAD6A')
((60, 8, -40), '#28CD4701ADB3')
((60, 16, -40), '#3A4341C8AE00')
((60, 24, -40), '#4C8E3C50AE50')
((60, 32, -40), '#5FB33696AEA4')
((60, 40, -40), '#73B73099AEFC')
((60, 48, -40), '#889F2A59AF58')
((60, 56, -40), '#9E7023D3AFB8')
((60, 64, -40), '#B52E1D05B01C')
((60, 72, -40), '#CCE015EFB084')
((60, 80, -40), '#E58A0E8FB0F1')
((60, 88, -40), '#FF3006E3B161')
((60, -16, -32), '#04DB54439437')
((60, -8, -32), '#13EF4FC19479')
((60, 0, -32), '#23CA4B0394BF')
((60, 8, -32), '#347046099508')
((60, 16, -32), '#45E640D09554')
((60, 24, -32), '#58313B5795A5')
((60, 32, -32), '#6B56359E95F9')
((60, 40, -32), '#7F5A2FA19651')
((60, 48, -32), '#9442296196AD')
((60, 56, -32), '#AA1322DA970D')
((60, 64, -32), '#C0D21C0D9771')
((60, 72, -32), '#D88314F797D9')
((60, 80, -32), '#F12D0D979845')
((60, -24, -24), '#011457AB7D9B')
((60, -16, -24), '#0F6853627DDA')
((60, -8, -24), '#1E7C4EE07E1C')
((60, 0, -24), '#2E574A227E62')
((60, 8, -24), '#3EFD45277EAB')
((60, 16, -24), '#50723FEF7EF7')
((60, 24, -24), '#62BD3A767F48')
((60, 32, -24), '#75E334BC7F9C')
((60, 40, -24), '#89E72EC07FF4')
((60, 48, -24), '#9ECF28808050')
((60, 56, -24), '#B4A021F980B0')
((60, 64, -24), '#CB5E1B2C8114')
((60, 72, -24), '#E3101416817C')
((60, 80, -24), '#FBBA0CB681E8')
((60, -24, -16), '#0A9856E0696F')
((60, -16, -16), '#18EB529769AE')
((60, -8, -16), '#28004E1569F0')
((60, 0, -16), '#37DB49576A36')
((60, 8, -16), '#4880445C6A7F')
((60, 16, -16), '#59F63F246ACC')
((60, 24, -16), '#6C4139AB6B1C')
((60, 32, -16), '#7F6633F16B70')
((60, 40, -16), '#936B2DF56BC8')
((60, 48, -16), '#A85327B46C24')
((60, 56, -16), '#BE23212E6C84')
((60, 64, -16), '#D4E21A616CE8')
((60, 72, -16), '#EC94134B6D50')
((60, -32, -8), '#058A5A3A571C')
((60, -24, -8), '#1321562A5758')
((60, -16, -8), '#217451E15797')
((60, -8, -8), '#30894D5F57D9')
((60, 0, -8), '#406348A1581E')
((60, 8, -8), '#510943A65868')
((60, 16, -8), '#627F3E6E58B4')
((60, 24, -8), '#74CA38F55905')
((60, 32, -8), '#87EF333B5959')
((60, 40, -8), '#9BF32D3F59B1')
((60, 48, -8), '#B0DB26FE5A0D')
((60, 56, -8), '#C6AC20785A6D')
((60, 64, -8), '#DD6B19AB5AD1')
((60, 72, -8), '#F51D12955B39')
((60, -40, 0), '#00465D7246C3')
((60, -32, 0), '#0D25599846FC')
((60, -24, 0), '#1ABC55884738')
((60, -16, 0), '#290F513F4777')
((60, -8, 0), '#38244CBC47B9')
((60, 0, 0), '#47FF47FF47FF')
((60, 8, 0), '#58A443044848')
((60, 16, 0), '#6A1A3DCB4895')
((60, 24, 0), '#7C65385348E5')
((60, 32, 0), '#8F8A32994939')
((60, 40, 0), '#A38F2C9D4991')
((60, 48, 0), '#B877265C49ED')
((60, 56, 0), '#CE471FD64A4D')
((60, 64, 0), '#E50619094AB1')
((60, 72, 0), '#FCB811F34B19')
((60, -40, 8), '#07015CE2387E')
((60, -32, 8), '#13E1590838B7')
((60, -24, 8), '#217854F838F2')
((60, -16, 8), '#2FCB50AF3931')
((60, -8, 8), '#3EDF4C2D3974')
((60, 0, 8), '#4EBA476F39B9')
((60, 8, 8), '#5F6042743A02')
((60, 16, 8), '#70D63D3C3A4F')
((60, 24, 8), '#832137C33AA0')
((60, 32, 8), '#964632093AF4')
((60, 40, 8), '#AA4A2C0D3B4C')
((60, 48, 8), '#BF3225CC3BA7')
((60, 56, 8), '#D5031F463C07')
((60, 64, 8), '#EBC218793C6B')
((60, -48, 16), '#00BD60082BC1')
((60, -40, 16), '#0CEA5C642BF6')
((60, -32, 16), '#19CA588A2C2F')
((60, -24, 16), '#2761547A2C6A')
((60, -16, 16), '#35B450312CA9')
((60, -8, 16), '#44C94BAF2CEC')
((60, 0, 16), '#54A346F12D31')
((60, 8, 16), '#654941F62D7B')
((60, 16, 16), '#76BF3CBE2DC7')
((60, 24, 16), '#890A37452E18')
((60, 32, 16), '#9C2F318B2E6C')
((60, 40, 16), '#B0332B8F2EC4')
((60, 48, 16), '#C51B254E2F20')
((60, 56, 16), '#DAEC1EC82F7F')
((60, 64, 16), '#F1AB17FB2FE3')
((60, -48, 24), '#05E25F9A20D9')
((60, -40, 24), '#120F5BF6210F')
((60, -32, 24), '#1EEF581D2147')
((60, -24, 24), '#2C86540C2183')
((60, -16, 24), '#3AD94FC321C2')
((60, -8, 24), '#49ED4B412204')
((60, 0, 24), '#59C84683224A')
((60, 8, 24), '#6A6E41892293')
((60, 16, 24), '#7BE43C5022E0')
((60, 24, 24), '#8E2F36D72330')
((60, 32, 24), '#A154311E2384')
((60, 40, 24), '#B5582B2123DC')
((60, 48, 24), '#CA4024E12438')
((60, 56, 24), '#E0111E5A2498')
((60, 64, 24), '#F6D0178D24FC')
((60, -48, 32), '#0A505F3C1776')
((60, -40, 32), '#167D5B9817AB')
((60, -32, 32), '#235D57BE17E4')
((60, -24, 32), '#30F453AE181F')
((60, -16, 32), '#3F474F65185E')
((60, -8, 32), '#4E5B4AE218A1')
((60, 0, 32), '#5E36462518E6')
((60, 8, 32), '#6EDC412A192F')
((60, 16, 32), '#80523BF1197C')
((60, 24, 32), '#929D367919CD')
((60, 32, 32), '#A5C230BF1A21')
((60, 40, 32), '#B9C62AC31A79')
((60, 48, 32), '#CEAE24821AD4')
((60, 56, 32), '#E47F1DFC1B34')
((60, 64, 32), '#FB3E172F1B98')
((60, -56, 40), '#0295625C0F46')
((60, -48, 40), '#0E145EEC0F78')
((60, -40, 40), '#1A425B470FAE')
((60, -32, 40), '#2721576E0FE7')
((60, -24, 40), '#34B8535D1022')
((60, -16, 40), '#430C4F151061')
((60, -8, 40), '#52204A9210A3')
((60, 0, 40), '#61FB45D410E9')
((60, 8, 40), '#72A140DA1132')
((60, 16, 40), '#84173BA1117F')
((60, 24, 40), '#9662362811CF')
((60, 32, 40), '#A987306F1223')
((60, 40, 40), '#BD8B2A72127B')
((60, 48, 40), '#D273243212D7')
((60, 56, 40), '#E8441DAB1337')
((60, 64, 40), '#FF0216DE139B')
((60, -56, 48), '#05BE62180892')
((60, -48, 48), '#113E5EA808C5')
((60, -40, 48), '#1D6B5B0408FA')
((60, -32, 48), '#2A4B572A0933')
((60, -24, 48), '#37E2531A096F')
((60, -16, 48), '#46354ED109AE')
((60, -8, 48), '#55494A4F09F0')
((60, 0, 48), '#652445910A36')
((60, 8, 48), '#75CA40960A7F')
((60, 16, 48), '#87403B5D0ACB')
((60, 24, 48), '#998B35E50B1C')
((60, 32, 48), '#ACB0302B0B70')
((60, 40, 48), '#C0B42A2F0BC8')
((60, 48, 48), '#D59C23EE0C24')
((60, 56, 48), '#EB6D1D680C84')
((60, -56, 56), '#085961E1030C')
((60, -48, 56), '#13D95E70033E')
((60, -40, 56), '#20075ACC0374')
((60, -32, 56), '#2CE656F303AC')
((60, -24, 56), '#3A7D52E203E8')
((60, -16, 56), '#48D04E990427')
((60, -8, 56), '#57E54A170469')
((60, 0, 56), '#67C0455904AF')
((60, 8, 56), '#7865405F04F8')
((60, 16, 56), '#89DB3B260545')
((60, 24, 56), '#9C2635AD0595')
((60, 32, 56), '#AF4B2FF405E9')
((60, 40, 56), '#C34F29F70641')
((60, 48, 56), '#D83723B7069D')
((60, 56, 56), '#EE081D3006FD')
((60, 0, 64), '#69DB452C0038')
((60, 8, 64), '#7A8140320081')
((60, 16, 64), '#8BF73AF900CD')
((60, 24, 64), '#9E423580011E')
((60, 32, 64), '#B1672FC70172')
((60, 40, 64), '#C56B29CA01CA')
((60, 48, 64), '#DA53238A0226')
((60, 56, 64), '#F0241D030286')
((65, -8, -48), '#01A0622EE5EE')
((65, 0, -48), '#13AA5CC9E63E')
((65, 8, -48), '#268C5723E691')
((65, 16, -48), '#3A4B513BE6E7')
((65, 24, -48), '#4EED4B10E742')
((65, 32, -48), '#6476449FE7A1')
((65, 40, -48), '#7AEB3DE8E803')
((65, 48, -48), '#925236E8E86A')
((65, 56, -48), '#AAAF2F9FE8D5')
((65, 64, -48), '#C407280AE945')
((65, 72, -48), '#DE602029E9B8')
((65, 80, -48), '#F9BE17FAEA31')
((65, -8, -40), '#0FB26102C81C')
((65, 0, -40), '#21BB5B9DC86B')
((65, 8, -40), '#349D55F7C8BE')
((65, 16, -40), '#485C500FC915')
((65, 24, -40), '#5CFE49E4C96F')
((65, 32, -40), '#72874373C9CE')
((65, 40, -40), '#88FD3CBCCA31')
((65, 48, -40), '#A06435BCCA98')
((65, 56, -40), '#B8C12E73CB03')
((65, 64, -40), '#D21926DECB72')
((65, 72, -40), '#EC721EFDCBE6')
((65, -16, -32), '#0B5B6515AC88')
((65, -8, -32), '#1C915FEFACD4')
((65, 0, -32), '#2E9A5A8AAD23')
((65, 8, -32), '#417C54E5AD76')
((65, 16, -32), '#553B4EFDADCD')
((65, 24, -32), '#69DD48D1AE27')
((65, 32, -32), '#7F664260AE86')
((65, 40, -32), '#95DB3BA9AEE9')
((65, 48, -32), '#AD4234A9AF50')
((65, 56, -32), '#C59F2D60AFBB')
((65, 64, -32), '#DEF825CCB02A')
((65, 72, -32), '#F9501DEBB09E')
((65, -24, -24), '#06AD69029366')
((65, -16, -24), '#1714641A93AE')
((65, -8, -24), '#284A5EF593F9')
((65, 0, -24), '#3A5359909448')
((65, 8, -24), '#4D3553EA949B')
((65, 16, -24), '#60F44E0394F2')
((65, 24, -24), '#759647D7954D')
((65, 32, -24), '#8B1F416695AC')
((65, 40, -24), '#A1953AAF960E')
((65, 48, -24), '#B8FC33AF9675')
((65, 56, -24), '#D1592C6696E0')
((65, 64, -24), '#EAB124D2974F')
((65, -32, -16), '#01B16CCB7C97')
((65, -24, -16), '#114F681F7CDC')
((65, -16, -16), '#21B663387D24')
((65, -8, -16), '#32EC5E127D6F')
((65, 0, -16), '#44F558AD7DBF')
((65, 8, -16), '#57D753087E12')
((65, 16, -16), '#6B964D207E68')
((65, 24, -16), '#803846F47EC3')
((65, 32, -16), '#95C140837F22')
((65, 40, -16), '#AC3739CC7F84')
((65, 48, -16), '#C39D32CC7FEB')
((65, 56, -16), '#DBFA2B838056')
((65, 64, -16), '#F55323EF80C6')
((65, -32, -8), '#0B496BFE6841')
((65, -24, -8), '#1AE767536885')
((65, -16, -8), '#2B4E626B68CE')
((65, -8, -8), '#3C845D456919')
((65, 0, -8), '#4E8D57E06968')
((65, 8, -8), '#616F523B69BB')
((65, 16, -8), '#752E4C536A12')
((65, 24, -8), '#89D046286A6D')
((65, 32, -8), '#9F593FB76ACB')
((65, 40, -8), '#B5CF38FF6B2E')
((65, 48, -8), '#CD3532006B95')
((65, 56, -8), '#E5922AB66C00')
((65, 64, -8), '#FEEB23226C6F')
((65, -40, 0), '#050C6FB755C0')
((65, -32, 0), '#13E56B475601')
((65, -24, 0), '#2383669B5646')
((65, -16, 0), '#33EA61B3568E')
((65, -8, 0), '#45205C8E56DA')
((65, 0, 0), '#572957295729')
((65, 8, 0), '#6A0B5183577C')
((65, 16, 0), '#7DCA4B9B57D3')
((65, 24, 0), '#926C4570582D')
((65, 32, 0), '#A7F53EFF588C')
((65, 40, 0), '#BE6A384858EF')
((65, 48, 0), '#D5D131485955')
((65, 56, 0), '#EE2E29FF59C0')
((65, -40, 8), '#0CBA6F13457A')
((65, -32, 8), '#1B926AA345BB')
((65, -24, 8), '#2B3065F74600')
((65, -16, 8), '#3B97610F4648')
((65, -8, 8), '#4CCD5BEA4694')
((65, 0, 8), '#5ED6568546E3')
((65, 8, 8), '#71B850DF4736')
((65, 16, 8), '#85774AF8478D')
((65, 24, 8), '#9A1944CC47E7')
((65, 32, 8), '#AFA23E5B4846')
((65, 40, 8), '#C61737A448A9')
((65, 48, 8), '#DD7E30A4490F')
((65, 56, 8), '#F5DB295B497B')
((65, -48, 16), '#056D72BA36D3')
((65, -40, 16), '#13866E823711')
((65, -32, 16), '#225F6A123752')
((65, -24, 16), '#31FC65663797')
((65, -16, 16), '#4263607E37DF')
((65, -8, 16), '#53995B59382B')
((65, 0, 16), '#65A255F4387A')
((65, 8, 16), '#7884504E38CD')
((65, 16, 16), '#8C434A673924')
((65, 24, 16), '#A0E5443B397E')
((65, 32, 16), '#B66E3DCA39DD')
((65, 40, 16), '#CCE437133A3F')
((65, 48, 16), '#E44B30133AA6')
((65, 56, 16), '#FCA828CA3B11')
((65, -48, 24), '#0B66723A2A2A')
((65, -40, 24), '#197F6E032A68')
((65, -32, 24), '#285869922AA9')
((65, -24, 24), '#37F564E72AED')
((65, -16, 24), '#485C5FFF2B35')
((65, -8, 24), '#59925AD92B81')
((65, 0, 24), '#6B9B55752BD0')
((65, 8, 24), '#7E7D4FCF2C23')
((65, 16, 24), '#923C49E72C7A')
((65, 24, 24), '#A6DE43BC2CD5')
((65, 32, 24), '#BC673D4B2D33')
((65, 40, 24), '#D2DD36932D96')
((65, 48, 24), '#EA442F942DFD')
((65, -56, 32), '#033B75CB1EE8')
((65, -48, 32), '#109971CB1F23')
((65, -40, 32), '#1EB36D941F61')
((65, -32, 32), '#2D8B69231FA2')
((65, -24, 32), '#3D2964781FE7')
((65, -16, 32), '#4D905F90202F')
((65, -8, 32), '#5EC65A6A207A')
((65, 0, 32), '#70CF550620CA')
((65, 8, 32), '#83B14F60211D')
((65, 16, 32), '#977049782173')
((65, 24, 32), '#AC12434D21CE')
((65, 32, 32), '#C19B3CDC222D')
((65, 40, 32), '#D8103624228F')
((65, 48, 32), '#EF772F2522F6')
((65, -56, 40), '#07B7756B1567')
((65, -48, 40), '#1515716C15A2')
((65, -40, 40), '#232E6D3415E0')
((65, -32, 40), '#320768C41621')
((65, -24, 40), '#41A464181666')
((65, -16, 40), '#520C5F3016AE')
((65, -8, 40), '#63415A0B16FA')
((65, 0, 40), '#754B54A61749')
((65, 8, 40), '#882C4F00179C')
((65, 16, 40), '#9BEC491917F3')
((65, 24, 40), '#B08D42ED184D')
((65, 32, 40), '#C6173C7C18AC')
((65, 40, 40), '#DC8C35C5190F')
((65, 48, 40), '#F3F32EC51975')
((65, -56, 48), '#0B88751A0D4F')
((65, -48, 48), '#18E6711A0D8A')
((65, -40, 48), '#27006CE30DC8')
((65, -32, 48), '#35D868720E09')
((65, -24, 48), '#457663C70E4E')
((65, -16, 48), '#55DD5EDF0E96')
((65, -8, 48), '#671359B90EE2')
((65, 0, 48), '#791C54540F31')
((65, 8, 48), '#8BFE4EAF0F84')
((65, 16, 48), '#9FBD48C70FDB')
((65, 24, 48), '#B45F429C1035')
((65, 32, 48), '#C9E83C2B1094')
((65, 40, 48), '#E05D357310F7')
((65, 48, 48), '#F7C42E74115E')
((65, -64, 56), '#0214789E064C')
((65, -56, 56), '#0EBD74D50683')
((65, -48, 56), '#1C1B70D606BE')
((65, -40, 56), '#2A346C9E06FC')
((65, -32, 56), '#390D682E073D')
((65, -24, 56), '#48AB63820782')
((65, -16, 56), '#59125E9A07CA')
((65, -8, 56), '#6A4859750816')
((65, 0, 56), '#7C5154100865')
((65, 8, 56), '#8F334E6A08B8')
((65, 16, 56), '#A2F24883090F')
((65, 24, 56), '#B79442570969')
((65, 32, 56), '#CD1D3BE609C8')
((65, 40, 56), '#E392352F0A2B')
((65, 48, 56), '#FAF92E2F0A91')
((65, -64, 64), '#04BA786600AF')
((65, -56, 64), '#1163749D00E6')
((65, -48, 64), '#1EC1709D0121')
((65, -40, 64), '#2CDA6C66015F')
((65, -32, 64), '#3BB367F501A0')
((65, -24, 64), '#4B51634A01E5')
((65, -16, 64), '#5BB85E62022D')
((65, -8, 64), '#6CEE593C0279')
((65, 0, 64), '#7EF753D802C8')
((65, 8, 64), '#91D94E32031B')
((65, 16, 64), '#A598484A0372')
((65, 24, 64), '#BA3A421F03CC')
((65, 32, 64), '#CFC33BAE042B')
((65, 40, 64), '#E63834F6048E')
((65, 48, 64), '#FD9F2DF704F4')
((65, 40, 72), '#E85D34C90002')
((65, 48, 72), '#FFC42DC90069')
((70, -16, -40), '#0528792DE563')
((70, -8, -40), '#18A37359E5B9')
((70, 0, -40), '#2CFF6D43E612')
((70, 8, -40), '#424066E7E670')
((70, 16, -40), '#586D6046E6D1')
((70, 24, -40), '#6F89595CE737')
((70, 32, -40), '#879B522AE7A0')
((70, 40, -40), '#A0A64AADE80E')
((70, 48, -40), '#BAAF42E3E881')
((70, 56, -40), '#D5BC3ACCE8F8')
((70, 64, -40), '#F1D23266E973')
((70, -24, -32), '#00B27D90C70B')
((70, -16, -32), '#135277FFC75D')
((70, -8, -32), '#26CC722BC7B3')
((70, 0, -32), '#3B286C15C80C')
((70, 8, -32), '#506A65B9C869')
((70, 16, -32), '#66975F18C8CB')
((70, 24, -32), '#7DB3582EC930')
((70, 32, -32), '#95C450FCC99A')
((70, 40, -32), '#AECF497ECA08')
((70, 48, -32), '#C8D941B5CA7B')
((70, 56, -32), '#E3E6399ECAF1')
((70, 64, -32), '#FFFC3138CB6D')
((70, -24, -24), '#0DA87C7CAB92')
((70, -16, -24), '#204776EAABE3')
((70, -8, -24), '#33C27117AC39')
((70, 0, -24), '#481E6B00AC93')
((70, 8, -24), '#5D6064A5ACF0')
((70, 16, -24), '#738D5E03AD51')
((70, 24, -24), '#8AA9571AADB7')
((70, 32, -24), '#A2BA4FE7AE21')
((70, 40, -24), '#BBC5486AAE8F')
((70, 48, -24), '#D5CF40A0AF01')
((70, 56, -24), '#F0DC3889AF78')
((70, -32, -16), '#07B080D1923A')
((70, -24, -16), '#19787B809288')
((70, -16, -16), '#2C1775EE92DA')
((70, -8, -16), '#3F92701B932F')
((70, 0, -16), '#53EE6A049389')
((70, 8, -16), '#693063A993E6')
((70, 16, -16), '#7F5C5D079448')
((70, 24, -16), '#9679561E94AD')
((70, 32, -16), '#AE8A4EEB9517')
((70, 40, -16), '#C795476E9585')
((70, 48, -16), '#E19F3FA495F7')
((70, 56, -16), '#FCAC378D966E')
((70, -40, -8), '#017184FF7B39')
((70, -32, -8), '#12677FED7B83')
((70, -24, -8), '#242F7A9B7BD1')
((70, -16, -8), '#36CE750A7C23')
((70, -8, -8), '#4A496F367C79')
((70, 0, -8), '#5EA5691F7CD2')
((70, 8, -8), '#73E762C47D2F')
((70, 16, -8), '#8A135C227D91')
((70, 24, -8), '#A13055397DF6')
((70, 32, -8), '#B9414E067E60')
((70, 40, -8), '#D24C46897ECE')
((70, 48, -8), '#EC563EC07F41')
((70, -40, 0), '#0B1D843166B8')
((70, -32, 0), '#1C137F1E6702')
((70, -24, 0), '#2DDB79CD6750')
((70, -16, 0), '#407A743B67A2')
((70, -8, 0), '#53F56E6867F8')
((70, 0, 0), '#685168516851')
((70, 8, 0), '#7D9361F668AF')
((70, 16, 0), '#93C05B546910')
((70, 24, 0), '#AADC546B6976')
((70, 32, 0), '#C2ED4D3869DF')
((70, 40, 0), '#DBF845BB6A4D')
((70, 48, 0), '#F6023DF16AC0')
((70, -48, 8), '#03A3884D5409')
((70, -40, 8), '#13CC83775450')
((70, -32, 8), '#24C27E65549A')
((70, -24, 8), '#368A791454E8')
((70, -16, 8), '#49297382553A')
((70, -8, 8), '#5CA46DAF5590')
((70, 0, 8), '#7100679855E9')
((70, 8, 8), '#8642613C5647')
((70, 16, 8), '#9C6E5A9B56A8')
((70, 24, 8), '#B38B53B1570E')
((70, 32, 8), '#CB9C4C7F5777')
((70, 40, 8), '#E4A7450257E5')
((70, 48, 8), '#FEB13D385858')
((70, -48, 16), '#0B6287A7439C')
((70, -40, 16), '#1B8B82D243E3')
((70, -32, 16), '#2C817DC0442E')
((70, -24, 16), '#3E49786E447C')
((70, -16, 16), '#50E872DD44CE')
((70, -8, 16), '#64636D094524')
((70, 0, 16), '#78BF66F3457D')
((70, 8, 16), '#8E01609745DA')
((70, 16, 16), '#A42E59F6463C')
((70, 24, 16), '#BB4A530C46A1')
((70, 32, 16), '#D35B4BDA470B')
((70, 40, 16), '#EC66445C4779')
((70, -56, 24), '#02DF8BAE34CC')
((70, -48, 24), '#12408715350F')
((70, -40, 24), '#226982403556')
((70, -32, 24), '#335F7D2D35A1')
((70, -24, 24), '#452777DC35EF')
((70, -16, 24), '#57C6724A3641')
((70, -8, 24), '#6B416C773696')
((70, 0, 24), '#7F9C666036F0')
((70, 8, 24), '#94DE6005374D')
((70, 16, 24), '#AB0B596337AF')
((70, 24, 24), '#C227527A3814')
((70, 32, 24), '#DA394B47387E')
((70, 40, 24), '#F34343CA38EC')
((70, -56, 32), '#08E88B2D2801')
((70, -48, 32), '#184986942844')
((70, -40, 32), '#287281BF288B')
((70, -32, 32), '#39687CAC28D6')
((70, -24, 32), '#4B30775B2924')
((70, -16, 32), '#5DCF71C92976')
((70, -8, 32), '#714A6BF629CB')
((70, 0, 32), '#85A565DF2A25')
((70, 8, 32), '#9AE75F842A82')
((70, 16, 32), '#B11458E22AE4')
((70, 24, 32), '#C83051F92B49')
((70, 32, 32), '#E0414AC62BB3')
((70, 40, 32), '#F94C43492C21')
((70, -56, 40), '#0E2A8ABD1CDB')
((70, -48, 40), '#1D8B86241D1E')
((70, -40, 40), '#2DB4814F1D65')
((70, -32, 40), '#3EAA7C3C1DB0')
((70, -24, 40), '#507276EB1DFE')
((70, -16, 40), '#631171591E50')
((70, -8, 40), '#768C6B861EA5')
((70, 0, 40), '#8AE8656F1EFF')
((70, 8, 40), '#A02A5F141F5C')
((70, 16, 40), '#B65658721FBE')
((70, 24, 40), '#CD7351892023')
((70, 32, 40), '#E5844A56208D')
((70, 40, 40), '#FE8F42D920FB')
((70, -64, 48), '#04168EBB12FC')
((70, -56, 48), '#12B48A5C133D')
((70, -48, 48), '#221485C31380')
((70, -40, 48), '#323D80EE13C7')
((70, -32, 48), '#43337BDB1412')
((70, -24, 48), '#54FB768A1460')
((70, -16, 48), '#679A70F814B2')
((70, -8, 48), '#7B156B251507')
((70, 0, 48), '#8F71650E1561')
((70, 8, 48), '#A4B35EB315BE')
((70, 16, 48), '#BAE058111620')
((70, 24, 48), '#D1FC51281685')
((70, 32, 48), '#EA0D49F516EF')
((70, -64, 56), '#07F48E690AC9')
((70, -56, 56), '#16928A0A0B0A')
((70, -48, 56), '#25F385710B4D')
((70, -40, 56), '#361B809B0B94')
((70, -32, 56), '#47117B890BDF')
((70, -24, 56), '#58D976380C2D')
((70, -16, 56), '#6B7870A60C7F')
((70, -8, 56), '#7EF36AD30CD4')
((70, 0, 56), '#934F64BC0D2E')
((70, 8, 56), '#A8915E600D8B')
((70, 16, 56), '#BEBE57BF0DED')
((70, 24, 56), '#D5DA50D50E52')
((70, 32, 56), '#EDEB49A30EBC')
((70, -64, 64), '#0B358E2303E5')
((70, -56, 64), '#19D289C50425')
((70, -48, 64), '#2933852B0468')
((70, -40, 64), '#395C805604AF')
((70, -32, 64), '#4A527B4304FA')
((70, -24, 64), '#5C1A75F20548')
((70, -16, 64), '#6EB97061059A')
((70, -8, 64), '#82346A8D05F0')
((70, 0, 64), '#969064760649')
((70, 8, 64), '#ABD25E1B06A6')
((70, 16, 64), '#C1FE57790708')
((70, 24, 64), '#D91B5090076D')
((70, 32, 64), '#F12C495D07D7')
((70, -8, 72), '#84E46A54003C')
((70, 0, 72), '#9940643D0095')
((70, 8, 72), '#AE825DE200F3')
((70, 16, 72), '#C4AF57400154')
((70, 24, 72), '#DBCB505701BA')
((70, 32, 72), '#F3DC49240224')
((75, -24, -32), '#07E39367E478')
((75, -16, -32), '#1CDE8D21E4D5')
((75, -8, -32), '#32C38695E535')
((75, 0, -32), '#49957FC2E599')
((75, 8, -32), '#615B78A6E602')
((75, 16, -32), '#7A197140E66E')
((75, 24, -32), '#93D4698EE6DF')
((75, 32, -32), '#AE91618FE755')
((75, 40, -32), '#CA565941E7CF')
((75, 48, -32), '#E72650A3E84E')
((75, -32, -24), '#020F9839C5E6')
((75, -24, -24), '#16269237C63E')
((75, -16, -24), '#2B218BF1C69B')
((75, -8, -24), '#41058565C6FB')
((75, 0, -24), '#57D77E92C75F')
((75, 8, -24), '#6F9D7776C7C8')
((75, 16, -24), '#885B7010C834')
((75, 24, -24), '#A216685EC8A5')
((75, 32, -24), '#BCD4605EC91B')
((75, 40, -24), '#D8985811C995')
((75, 48, -24), '#F5684F73CA13')
((75, -32, -16), '#0F1D9723AA3B')
((75, -24, -16), '#23339121AA93')
((75, -16, -16), '#382E8ADBAAF0')
((75, -8, -16), '#4E12844FAB50')
((75, 0, -16), '#64E57D7BABB4')
((75, 8, -16), '#7CAB765FAC1C')
((75, 16, -16), '#95686EF9AC89')
((75, 24, -16), '#AF246747ACFA')
((75, 32, -16), '#C9E15F48AD70')
((75, 40, -16), '#E5A556FAADEA')
((75, -40, -8), '#07CB9BE490AE')
((75, -32, -8), '#1B0396259102')
((75, -24, -8), '#2F199023915A')
((75, -16, -8), '#441489DD91B6')
((75, -8, -8), '#59F883519217')
((75, 0, -8), '#70CB7C7D927B')
((75, 8, -8), '#8891756192E3')
((75, 16, -8), '#A14E6DFB9350')
((75, 24, -8), '#BB0A664993C1')
((75, 32, -8), '#D5C75E4A9437')
((75, 40, -8), '#F18B55FC94B1')
((75, -48, 0), '#003BA07B7979')
((75, -40, 0), '#12989AFE79CA')
((75, -32, 0), '#25CF953E7A1E')
((75, -24, 0), '#39E58F3D7A76')
((75, -16, 0), '#4EE088F67AD3')
((75, -8, 0), '#64C5826A7B33')
((75, 0, 0), '#7B977B977B97')
((75, 8, 0), '#935D747B7C00')
((75, 16, 0), '#AC1B6D157C6C')
((75, 24, 0), '#C5D665637CDD')
((75, 32, 0), '#E0935D647D53')
((75, 40, 0), '#FC5855167DCD')
((75, -48, 8), '#09FB9FAB64CD')
((75, -40, 8), '#1C589A2E651E')
((75, -32, 8), '#2F8F946E6572')
((75, -24, 8), '#43A68E6C65CB')
((75, -16, 8), '#58A188266627')
((75, -8, 8), '#6E85819A6687')
((75, 0, 8), '#85577AC766EB')
((75, 8, 8), '#9D1D73AB6754')
((75, 16, 8), '#B5DB6C4567C0')
((75, 24, 8), '#CF9664936832')
((75, 32, 8), '#EA545C9468A7')
((75, -56, 16), '#0136A42E51F0')
((75, -48, 16), '#12BD9EF0523D')
((75, -40, 16), '#251A9973528D')
((75, -32, 16), '#385193B452E2')
((75, -24, 16), '#4C688DB2533A')
((75, -16, 16), '#6163876B5396')
((75, -8, 16), '#774780DF53F6')
((75, 0, 16), '#8E197A0C545B')
((75, 8, 16), '#A5DF72F054C3')
((75, 16, 16), '#BE9D6B8A5530')
((75, 24, 16), '#D85863D855A1')
((75, 32, 16), '#F3165BD95616')
((75, -56, 24), '#0907A388415D')
((75, -48, 24), '#1A8F9E4A41AA')
((75, -40, 24), '#2CEB98CC41FB')
((75, -32, 24), '#4022930D424F')
((75, -24, 24), '#54398D0B42A7')
((75, -16, 24), '#693486C54304')
((75, -8, 24), '#7F1880394364')
((75, 0, 24), '#95EB796543C8')
((75, 8, 24), '#ADB072494431')
((75, 16, 24), '#C66E6AE3449D')
((75, 24, 24), '#E02A6331450E')
((75, 32, 24), '#FAE75B324584')
((75, -56, 32), '#0FF6A2F432AC')
((75, -48, 32), '#217D9DB632F9')
((75, -40, 32), '#33DA9838334A')
((75, -32, 32), '#47119279339E')
((75, -24, 32), '#5B278C7733F6')
((75, -16, 32), '#702286313452')
((75, -8, 32), '#86067FA534B3')
((75, 0, 32), '#9CD978D13517')
((75, 8, 32), '#B49F71B5357F')
((75, 16, 32), '#CD5D6A4F35EC')
((75, 24, 32), '#E718629D365D')
((75, -64, 40), '#0558A7712575')
((75, -56, 40), '#160FA27225BF')
((75, -48, 40), '#27969D34260C')
((75, -40, 40), '#39F397B6265D')
((75, -32, 40), '#4D2A91F726B1')
((75, -24, 40), '#61408BF52709')
((75, -16, 40), '#763B85AF2765')
((75, -8, 40), '#8C1F7F2327C6')
((75, 0, 40), '#A2F2784F282A')
((75, 8, 40), '#BAB871332892')
((75, 16, 40), '#D37669CD28FF')
((75, 24, 40), '#ED31621B2970')
((75, -64, 48), '#0AA9A7001A30')
((75, -56, 48), '#1B60A2001A79')
((75, -48, 48), '#2CE79CC21AC6')
((75, -40, 48), '#3F4497441B17')
((75, -32, 48), '#527B91851B6B')
((75, -24, 48), '#66928B831BC4')
((75, -16, 48), '#7B8C853D1C20')
((75, -8, 48), '#91717EB11C80')
((75, 0, 48), '#A84377DE1CE4')
((75, 8, 48), '#C00970C21D4D')
((75, 16, 48), '#D8C7695C1DB9')
((75, 24, 48), '#F28261AA1E2A')
((75, -64, 56), '#0F41A69E1074')
((75, -56, 56), '#1FF7A19E10BE')
((75, -48, 56), '#317F9C60110B')
((75, -40, 56), '#43DB96E3115B')
((75, -32, 56), '#5712912311B0')
((75, -24, 56), '#6B298B211208')
((75, -16, 56), '#802484DB1264')
((75, -8, 56), '#96087E4F12C5')
((75, 0, 56), '#ACDB777C1329')
((75, 8, 56), '#C4A070601391')
((75, 16, 56), '#DD5E68FA13FE')
((75, 24, 56), '#F7196148146F')
((75, -72, 64), '#0340AB0D07E0')
((75, -64, 64), '#132CA64A0826')
((75, -56, 64), '#23E2A14B0870')
((75, -48, 64), '#35699C0D08BD')
((75, -40, 64), '#47C6968F090D')
((75, -32, 64), '#5AFD90D00962')
((75, -24, 64), '#6F148ACE09BA')
((75, -16, 64), '#840F84880A16')
((75, -8, 64), '#99F37DFC0A77')
((75, 0, 64), '#B0C577280ADB')
((75, 8, 64), '#C88B700C0B43')
((75, 16, 64), '#E14968A60BB0')
((75, 24, 64), '#FB0460F40C21')
((75, -72, 72), '#068DAAC700E3')
((75, -64, 72), '#1678A6040129')
((75, -56, 72), '#272EA1040172')
((75, -48, 72), '#38B69BC601BF')
((75, -40, 72), '#4B1296490210')
((75, -32, 72), '#5E4A90890264')
((75, -24, 72), '#72608A8802BC')
((75, -16, 72), '#875B84410319')
((75, -8, 72), '#9D3F7DB50379')
((75, 0, 72), '#B41276E203DD')
((75, 8, 72), '#CBD76FC60446')
((75, 16, 72), '#E495686004B2')
((75, 24, 72), '#FE5160AE0523')
((80, -32, -24), '#09BBB111E328')
((80, -24, -24), '#2045AA54E38B')
((80, -16, -24), '#37BFA34FE3F2')
((80, -8, -24), '#50319BFFE45E')
((80, 0, -24), '#699E9465E4CE')
((80, 8, -24), '#840C8C7DE542')
((80, 16, -24), '#9F7F8448E5BA')
((80, 24, -24), '#BBFD7BC2E638')
((80, 32, -24), '#D98A72ECE6B9')
((80, 40, -24), '#F82C69C3E740')
((80, -40, -16), '#027AB656C45B')
((80, -32, -16), '#1816AFDFC4BA')
((80, -24, -16), '#2E9FA922C51D')
((80, -16, -16), '#461AA21CC584')
((80, -8, -16), '#5E8C9ACDC5F0')
((80, 0, -16), '#77F99332C65F')
((80, 8, -16), '#92678B4BC6D4')
((80, 16, -16), '#ADDA8315C74C')
((80, 24, -16), '#CA587A90C7C9')
((80, 32, -16), '#E7E571B9C84B')
((80, -40, -8), '#0F9FB53DA87E')
((80, -32, -8), '#253BAEC7A8DD')
((80, -24, -8), '#3BC4A809A940')
((80, -16, -8), '#533FA104A9A7')
((80, -8, -8), '#6BB199B4AA13')
((80, 0, -8), '#851E921AAA83')
((80, 8, -8), '#9F8B8A32AAF7')
((80, 16, -8), '#BAFF81FDAB6F')
((80, 24, -8), '#D77D7978ABED')
((80, 32, -8), '#F50A70A1AC6E')
((80, -48, 0), '#06E7BA6F8EBB')
((80, -40, 0), '#1B9BB43D8F16')
((80, -32, 0), '#3138ADC78F75')
((80, -24, 0), '#47C1A70A8FD8')
((80, -16, 0), '#5F3BA004903F')
((80, -8, 0), '#77AD98B590AA')
((80, 0, 0), '#911A911A911A')
((80, 8, 0), '#AB888933918E')
((80, 16, 0), '#C6FB80FD9207')
((80, 24, 0), '#E37978789284')
((80, -48, 8), '#11C8B98677AA')
((80, -40, 8), '#267DB3557805')
((80, -32, 8), '#3C19ACDF7864')
((80, -24, 8), '#52A2A62278C7')
((80, -16, 8), '#6A1D9F1C792E')
((80, -8, 8), '#828F97CD7999')
((80, 0, 8), '#9BFC90327A09')
((80, 8, 8), '#B66A884B7A7D')
((80, 16, 8), '#D1DD80157AF6')
((80, 24, 8), '#EE5B77907B73')
((80, -56, 16), '#07CBBEA2627C')
((80, -48, 16), '#1B9DB8B562D3')
((80, -40, 16), '#3052B284632E')
((80, -32, 16), '#45EEAC0D638D')
((80, -24, 16), '#5C77A55063F0')
((80, -16, 16), '#73F29E4A6457')
((80, -8, 16), '#8C6396FB64C2')
((80, 0, 16), '#A5D08F606532')
((80, 8, 16), '#C03E877965A6')
((80, 16, 16), '#DBB27F43661F')
((80, 24, 16), '#F82F76BE669C')
((80, -56, 24), '#10A1BDE64FC2')
((80, -48, 24), '#2472B7F85019')
((80, -40, 24), '#3927B1C75074')
((80, -32, 24), '#4EC3AB5150D3')
((80, -24, 24), '#654CA4935136')
((80, -16, 24), '#7CC79D8E519D')
((80, -8, 24), '#9538963E5209')
((80, 0, 24), '#AEA68EA45279')
((80, 8, 24), '#C91386BC52ED')
((80, 16, 24), '#E4877E875365')
((80, -64, 32), '#0590C2E83EB6')
((80, -56, 32), '#1884BD3D3F09')
((80, -48, 32), '#2C56B7503F60')
((80, -40, 32), '#410AB11F3FBB')
((80, -32, 32), '#56A7AAA8401A')
((80, -24, 32), '#6D30A3EB407D')
((80, -16, 32), '#84AA9CE540E4')
((80, -8, 32), '#9D1C95964150')
((80, 0, 32), '#B6898DFB41C0')
((80, 8, 32), '#D0F786144234')
((80, 16, 32), '#EC6A7DDE42AC')
((80, -64, 40), '#0C90C2532FE0')
((80, -56, 40), '#1F84BCA83034')
((80, -48, 40), '#3355B6BB308B')
((80, -40, 40), '#480AB08930E6')
((80, -32, 40), '#5DA6AA133145')
((80, -24, 40), '#742FA35631A8')
((80, -16, 40), '#8BAA9C50320F')
((80, -8, 40), '#A41B9501327A')
((80, 0, 40), '#BD898D6632EA')
((80, 8, 40), '#D7F6857F335E')
((80, 16, 40), '#F36A7D4933D7')
((80, -72, 48), '#009EC73A2282')
((80, -64, 48), '#12B9C1CF22D1')
((80, -56, 48), '#25ADBC252325')
((80, -48, 48), '#397EB637237C')
((80, -40, 48), '#4E33B00623D7')
((80, -32, 48), '#63CFA9902436')
((80, -24, 48), '#7A58A2D22499')
((80, -16, 48), '#91D39BCD2500')
((80, -8, 48), '#AA44947D256B')
((80, 0, 48), '#C3B28CE325DB')
((80, 8, 48), '#DE1F84FB264F')
((80, 16, 48), '#F9937CC626C8')
((80, -72, 56), '#05FEC6C7171C')
((80, -64, 56), '#1819C15D176C')
((80, -56, 56), '#2B0DBBB217BF')
((80, -48, 56), '#3EDFB5C51816')
((80, -40, 56), '#5393AF931871')
((80, -32, 56), '#692FA91D18D0')
((80, -24, 56), '#7FB8A2601933')
((80, -16, 56), '#97339B5A199A')
((80, -8, 56), '#AFA5940B1A06')
((80, 0, 56), '#C9128C701A76')
((80, 8, 56), '#E38084891AEA')
((80, 16, 56), '#FEF37C531B62')
((80, -72, 64), '#0AA4C6640D43')
((80, -64, 64), '#1CBEC0FA0D93')
((80, -56, 64), '#2FB2BB4F0DE6')
((80, -48, 64), '#4384B5610E3D')
((80, -40, 64), '#5838AF300E98')
((80, -32, 64), '#6DD5A8BA0EF7')
((80, -24, 64), '#845EA1FC0F5A')
((80, -16, 64), '#9BD89AF70FC1')
((80, -8, 64), '#B44A93A7102D')
((80, 0, 64), '#CDB78C0D109D')
((80, 8, 64), '#E82584251111')
((80, -72, 72), '#0E9BC60F04DA')
((80, -64, 72), '#20B6C0A5052A')
((80, -56, 72), '#33AABAFA057D')
((80, -48, 72), '#477CB50D05D4')
((80, -40, 72), '#5C30AEDC062F')
((80, -32, 72), '#71CCA865068E')
((80, -24, 72), '#8855A1A806F1')
((80, -16, 72), '#9FD09AA20758')
((80, -8, 72), '#B842935307C3')
((80, 0, 72), '#D1AF8BB80833')
((80, 8, 72), '#EC1D83D108A7')
((80, -16, 80), '#A3289A5B0041')
((80, -8, 80), '#BB9A930B00AD')
((80, 0, 80), '#D5078B71011C')
((80, 8, 80), '#EF7583890191')
((85, -40, -16), '#0A97D25EE16D')
((85, -32, -16), '#22BDCB26E1D7')
((85, -24, -16), '#3BDDC3A2E245')
((85, -16, -16), '#55FBBBD3E2B8')
((85, -8, -16), '#711EB3B5E32F')
((85, 0, -16), '#8D4AAB48E3AB')
((85, 8, -16), '#AA84A28BE42B')
((85, 16, -16), '#C8D0997BE4B0')
((85, 24, -16), '#E8359018E53A')
((85, -48, -8), '#01DBD819C264')
((85, -40, -8), '#190BD12AC2CA')
((85, -32, -8), '#3130C9F2C334')
((85, -24, -8), '#4A50C26EC3A3')
((85, -16, -8), '#646FBA9EC415')
((85, -8, -8), '#7F92B281C48D')
((85, 0, -8), '#9BBDAA14C509')
((85, 8, -8), '#B8F7A157C589')
((85, 16, -8), '#D7449847C60E')
((85, 24, -8), '#F6A88EE3C698')
((85, -48, 0), '#0F17D6FFA656')
((85, -40, 0), '#2647D010A6BB')
((85, -32, 0), '#3E6DC8D7A726')
((85, -24, 0), '#578CC154A794')
((85, -16, 0), '#71ABB984A807')
((85, -8, 0), '#8CCEB166A87E')
((85, 0, 0), '#A8FAA8FAA8FA')
((85, 8, 0), '#C633A03CA97A')
((85, 16, 0), '#E480972CA9FF')
((85, -56, 8), '#04EADCA58C5B')
((85, -48, 8), '#1B2AD5FD8CBD')
((85, -40, 8), '#325ACF0E8D23')
((85, -32, 8), '#4A80C7D68D8D')
((85, -24, 8), '#639FC0528DFC')
((85, -16, 8), '#7DBEB8828E6E')
((85, -8, 8), '#98E1B0658EE6')
((85, 0, 8), '#B50DA7F88F61')
((85, 8, 8), '#D2469F3B8FE2')
((85, 16, 8), '#F093962B9067')
((85, -56, 16), '#0FE1DBBB751D')
((85, -48, 16), '#2621D514757F')
((85, -40, 16), '#3D51CE2475E4')
((85, -32, 16), '#5577C6EC764F')
((85, -24, 16), '#6E97BF6876BD')
((85, -16, 16), '#88B5B7987730')
((85, -8, 16), '#A3D8AF7B77A7')
((85, 0, 16), '#C004A70E7823')
((85, 8, 16), '#DD3E9E5178A3')
((85, 16, 16), '#FB8A95417928')
((85, -64, 24), '#0475E1495FBD')
((85, -56, 24), '#19CADAE8601B')
((85, -48, 24), '#300AD440607D')
((85, -40, 24), '#473ACD5160E2')
((85, -32, 24), '#5F60C618614D')
((85, -24, 24), '#7880BE9561BB')
((85, -16, 24), '#929EB6C5622E')
((85, -8, 24), '#ADC1AEA762A5')
((85, 0, 24), '#C9EDA63B6321')
((85, 8, 24), '#E7279D7D63A1')
((85, -64, 32), '#0D5EE08B4CDB')
((85, -56, 32), '#22B3DA294D38')
((85, -48, 32), '#38F3D3824D9A')
((85, -40, 32), '#5023CC934E00')
((85, -32, 32), '#6848C55A4E6A')
((85, -24, 32), '#8168BDD74ED9')
((85, -16, 32), '#9B87B6074F4B')
((85, -8, 32), '#B6AAADE94FC3')
((85, 0, 32), '#D2D5A57D503E')
((85, 8, 32), '#F00F9CBF50BF')
((85, -72, 40), '#00E5E5FD3BA1')
((85, -64, 40), '#1554DFE13BFB')
((85, -56, 40), '#2AA8D9803C59')
((85, -48, 40), '#40E8D2D83CBA')
((85, -40, 40), '#5819CBE93D20')
((85, -32, 40), '#703EC4B03D8A')
((85, -24, 40), '#895EBD2D3DF9')
((85, -16, 40), '#A37DB55D3E6C')
((85, -8, 40), '#BE9FAD403EE3')
((85, 0, 40), '#DACBA4D33F5F')
((85, 8, 40), '#F8059C153FDF')
((85, -72, 48), '#07F6E5662CA7')
((85, -64, 48), '#1C64DF4A2D01')
((85, -56, 48), '#31B9D8E92D5F')
((85, -48, 48), '#47F9D2412DC0')
((85, -40, 48), '#5F29CB522E26')
((85, -32, 48), '#774FC4192E90')
((85, -24, 48), '#906EBC962EFF')
((85, -16, 48), '#AA8DB4C62F72')
((85, -8, 48), '#C5B0ACA92FE9')
((85, 0, 48), '#E1DCA43C3065')
((85, 8, 48), '#FF169B7F30E5')
((85, -72, 56), '#0E2FE4E11F76')
((85, -64, 56), '#229DDEC51FD0')
((85, -56, 56), '#37F2D864202D')
((85, -48, 56), '#4E32D1BD208F')
((85, -40, 56), '#6563CACD20F5')
((85, -32, 56), '#7D88C395215F')
((85, -24, 56), '#96A8BC1121CE')
((85, -16, 56), '#B0C6B4422240')
((85, -8, 56), '#CBE9AC2422B8')
((85, 0, 56), '#E815A3B72333')
((85, -80, 64), '#0011EA46139A')
((85, -72, 64), '#139EE46E13F0')
((85, -64, 64), '#280DDE51144A')
((85, -56, 64), '#3D62D7F014A8')
((85, -48, 64), '#53A2D149150A')
((85, -40, 64), '#6AD2CA591570')
((85, -32, 64), '#82F7C32115DA')
((85, -24, 64), '#9C17BB9D1648')
((85, -16, 64), '#B636B3CE16BB')
((85, -8, 64), '#D159ABB01732')
((85, 0, 64), '#ED84A34317AE')
((85, -80, 72), '#04C4E9E209A4')
((85, -72, 72), '#1851E40909FA')
((85, -64, 72), '#2CC0DDED0A53')
((85, -56, 72), '#4215D78C0AB1')
((85, -48, 72), '#5855D0E40B13')
((85, -40, 72), '#6F85C9F50B79')
((85, -32, 72), '#87ABC2BC0BE3')
((85, -24, 72), '#A0CABB390C51')
((85, -16, 72), '#BAE9B3690CC4')
((85, -8, 72), '#D60CAB4C0D3B')
((85, 0, 72), '#F238A2DF0DB7')
((85, -80, 80), '#08C9E98C011F')
((85, -72, 80), '#1C56E3B40175')
((85, -64, 80), '#30C5DD9701CF')
((85, -56, 80), '#461AD736022C')
((85, -48, 80), '#5C5AD08F028E')
((85, -40, 80), '#738AC99F02F4')
((85, -32, 80), '#8BAFC267035E')
((85, -24, 80), '#A4CFBAE303CD')
((85, -16, 80), '#BEEEB314043F')
((85, -8, 80), '#DA11AAF604B7')
((85, 0, 80), '#F63CA2890532')
((90, -48, -8), '#0A5FF783DF3F')
((90, -40, -8), '#242FEFCADFB1')
((90, -32, -8), '#3F02E7C5E027')
((90, -24, -8), '#5ADCDF70E0A1')
((90, -16, -8), '#77C3D6CCE120')
((90, -8, -8), '#95BBCDD5E1A4')
((90, 0, -8), '#B4C9C48CE22C')
((90, 8, -8), '#D4F3BAEDE2B9')
((90, 16, -8), '#F63DB0F9E34C')
((90, -56, 0), '#0019FDB9BFFC')
((90, -48, 0), '#18EBF64CC069')
((90, -40, 0), '#32BBEE94C0DA')
((90, -32, 0), '#4D8EE68EC150')
((90, -24, 0), '#6968DE3AC1CA')
((90, -16, 0), '#864FD595C249')
((90, -8, 0), '#A447CC9FC2CD')
((90, 0, 0), '#C355C355C355')
((90, 8, 0), '#E37FB9B7C3E3')
((90, -56, 8), '#0D6DFC9CA3BB')
((90, -48, 8), '#263FF530A428')
((90, -40, 8), '#4010ED78A499')
((90, -32, 8), '#5AE2E572A50F')
((90, -24, 8), '#76BCDD1EA589')
((90, -16, 8), '#93A3D479A608')
((90, -8, 8), '#B19BCB83A68C')
((90, 0, 8), '#D0A9C239A714')
((90, 8, 8), '#F0D3B89BA7A2')
((90, -56, 16), '#1996FB9989F2')
((90, -48, 16), '#3269F42C8A5F')
((90, -40, 16), '#4C39EC748AD1')
((90, -32, 16), '#670CE46F8B47')
((90, -24, 16), '#82E6DC1A8BC1')
((90, -16, 16), '#9FCCD3768C40')
((90, -8, 16), '#BDC5CA7F8CC4')
((90, 0, 16), '#DCD3C1368D4C')
((90, 8, 16), '#FCFDB7978DDA')
((90, -56, 24), '#24A3FAAD7286')
((90, -48, 24), '#3D76F34172F3')
((90, -40, 24), '#5746EB887365')
((90, -32, 24), '#7218E38373DA')
((90, -24, 24), '#8DF3DB2E7455')
((90, -16, 24), '#AAD9D28A74D4')
((90, -8, 24), '#C8D1C9937558')
((90, 0, 24), '#E7E0C04A75E0')
((90, -56, 32), '#2EA1F9D85D59')
((90, -48, 32), '#4773F26B5DC6')
((90, -40, 32), '#6143EAB35E37')
((90, -32, 32), '#7C16E2AE5EAD')
((90, -24, 32), '#97F0DA595F27')
((90, -16, 32), '#B4D7D1B55FA6')
((90, -8, 32), '#D2CFC8BE602A')
((90, 0, 32), '#F1DDBF7560B3')
((90, -56, 40), '#379DF9184A4D')
((90, -48, 40), '#506FF1AC4ABA')
((90, -40, 40), '#6A3FE9F44B2C')
((90, -32, 40), '#8512E1EE4BA1')
((90, -24, 40), '#A0ECD99A4C1C')
((90, -16, 40), '#BDD3D0F54C9B')
((90, -8, 40), '#DBCBC7FF4D1F')
((90, 0, 40), '#FAD9BEB54DA7')
((90, -64, 48), '#27CBFF8F38DE')
((90, -56, 48), '#3FA5F86D3946')
((90, -48, 48), '#5877F10039B4')
((90, -40, 48), '#7247E9483A25')
((90, -32, 48), '#8D1AE1433A9B')
((90, -24, 48), '#A8F4D8EE3B15')
((90, -16, 48), '#C5DBD04A3B94')
((90, -8, 48), '#E3D3C7533C18')
((90, -64, 56), '#2EEDFEF729BF')
((90, -56, 56), '#46C7F7D52A28')
((90, -48, 56), '#5F99F0682A95')
((90, -40, 56), '#7969E8B02B06')
((90, -32, 56), '#943CE0AA2B7C')
((90, -24, 56), '#B016D8562BF7')
((90, -16, 56), '#CCFDCFB12C76')
((90, -8, 56), '#EAF5C6BB2CF9')
((90, -64, 64), '#3536FE711C6B')
((90, -56, 64), '#4D10F74E1CD4')
((90, -48, 64), '#65E2EFE21D41')
((90, -40, 64), '#7FB3E82A1DB3')
((90, -32, 64), '#9A85E0241E29')
((90, -24, 64), '#B65FD7D01EA3')
((90, -16, 64), '#D346CF2B1F22')
((90, -8, 64), '#F13EC6351FA6')
((90, -64, 72), '#3AB5FDFB10C6')
((90, -56, 72), '#528FF6D9112F')
((90, -48, 72), '#6B61EF6D119C')
((90, -40, 72), '#8531E7B5120D')
((90, -32, 72), '#A004DFAF1283')
((90, -24, 72), '#BBDED75B12FD')
((90, -16, 72), '#D8C5CEB6137C')
((90, -8, 72), '#F6BDC5C01400')
((90, -64, 80), '#3F76FD9606B1')
((90, -56, 80), '#5750F674071A')
((90, -48, 80), '#7022EF070787')
((90, -40, 80), '#89F3E74F07F8')
((90, -32, 80), '#A4C5DF4A086E')
((90, -24, 80), '#C09FD6F508E9')
((90, -16, 80), '#DD86CE510968')
((90, -8, 80), '#FB7EC55A09EB')
((90, -24, 88), '#C4B1D69E0048')
((90, -16, 88), '#E198CDFA00C7')
((90, -8, 88), '#FF90C503014B')
((95, -24, 0), '#7D74FDDCDE9A')
((95, -16, 0), '#9D46F458DF26')
((95, -8, 0), '#BE38EA7EDFB7')
((95, 0, 0), '#E04DE04DE04D')
((95, -24, 8), '#8C19FCA4BF8F')
((95, -16, 8), '#ABEBF320C01B')
((95, -8, 8), '#CCDDE946C0AC')
((95, 0, 8), '#EEF2DF14C141')
((95, -24, 16), '#9984FB86A31C')
((95, -16, 16), '#B957F201A3A8')
((95, -8, 16), '#DA48E827A438')
((95, 0, 16), '#FC5DDDF6A4CE')
((95, -24, 24), '#A5C5FA808924')
((95, -16, 24), '#C597F0FC89AF')
((95, -8, 24), '#E689E7228A40')
((95, -24, 32), '#B0E7F9937189')
((95, -16, 32), '#D0BAF00E7215')
((95, -8, 32), '#F1ABE63472A6')
((95, -24, 40), '#BAF9F8BC5C30')
((95, -16, 40), '#DACCEF375CBC')
((95, -8, 40), '#FBBDE55D5D4D')
((95, -24, 48), '#C408F7FA48FC')
((95, -16, 48), '#E3DBEE764987')
((95, -24, 56), '#CC23F74E37CE')
((95, -16, 56), '#EBF6EDC9385A')
((95, -32, 64), '#B49EFFE42803')
((95, -24, 64), '#D356F6B4288A')
((95, -16, 64), '#F329ED302916')
((95, -32, 72), '#BAF7FF5C1A8D')
((95, -24, 72), '#D9B0F62C1B14')
((95, -16, 72), '#F983ECA81BA0')
((95, -32, 80), '#C085FEE60EC7')
((95, -24, 80), '#DF3EF5B60F4E')
((95, -16, 80), '#FF10EC320FDA')
((95, -32, 88), '#C555FE7F0495')
((95, -24, 88), '#E40DF54F051C')
((100, 0, 0), '#FFFFFFFFFFFF')
