3474749660383
32398013051587
75451785985621
341550071728321
525529677519001
844942618974169
1399998338279641
4498414682539051
4627853036319787
9029309541158341
15276810864696481
23954358856500901
29548565674332769
29645348137369147
30020830945551001
43139209100887927
53032569246352081
67521775772650387
72909753401208751
96641378778397207
106123396355954251
139308830084462851
143207364461995681
156878210838727951
157090549053116251
159933618625583251
165200624796788101
201353238556695289
220018316705862751
221569538728073581
228688382320321951
230245660726188031
234146726756127751
238729824413519251
267535563341485141
268149309465373381
351871487567223007
355287410171390971
357581818656165421
361738230675985351
367408025049508381
372010463791789327
453428424519910951
512327988542642581
524012709089046451
600955265525778547
614796634515444067
641251626472494901
723229936089012901
725499535702267327
835931788027496161
897174291375220951
964663686523675951
969367105074881341
989870703899757751
997159508441668441
1013393934339979501
1045809756792213661
1202014821390035407
1365959142176494141
1416555524001782851
1460762860082640409
1557932690100752101
1558590701407178251
1575738602472460861
1577003051999821951
1592243183500232581
1646697619851137101
1728791767159448161
1833240342645573751
1917542845723881421
1940626912987154701
1977981652178587441
2001851391258003421
2086130995586734141
2171967256165869007
2286306717240071761
2343936311831821141
2484700647227702287
2677380067596984751
2710733807870821981
2912954828695585381
2987650402680297061
3183455857162065031
3314847828276001081
3316731480663826501
3342361622509015567
3364901781652176751
3365079292005617647
3413090942320305751
3439253625043989061
3513205870268587741
3688597737848708851
3822478656548430451
3825123056546413051
3948835658621975551
3955541530291925941
3967486744375647751
3993613803771797341
4026800526082221889
4208467842999126631
4265186605968234451
4295234541836445301
4313225998024234201
4352542082330137741
4405930941433837861
4516624197808588321
4552103357624396701
4579033607663544751
5275601972043149251
5279226610899093607
5474093792130026911
5629750126533124021
5720717482888084951
5910408272687832187
6019396925640761251
6190347725336185951
6242987382524332021
6296714818054927561
6467129044549241251
6517899756272153341
6783760950225096727
6990064773851538289
7302138360370413121
7315037911059208331
7318148941634907421
7361235187296010651
7405916317419446287
7423482186886651021
7575269467477185181
7614057096859627261
7662700651198013821
7703244732950872381
7827641784226323361
7857012954611095351
7907072955048733927
8217166584753603751
8263091562195856681
8276442534101054431
8384828426451654451
8467329683559520621
8614572538322761627
8709598202231429821
8715631312178039341
8922186449106790861
8984936424810704221
9076879225182092941
9135648287571459781
9437613625625540587
9491129136142383451
9493531353275873221
9853368540561503821
9868882650087422851
10141061111068350781
10402723814935457851
10450558282397880151
10791464017993114501
10951843523448689707
11653943738175758251
11695914510387982951
11848566949299504451
12560039354199923041
12564684473303400301
12926269393019659951
13157319837290671027
13274211450307455187
13322302088277834541
13779068645689738561
13813453609031492461
14023470972528929341
14688059738864848381
14730672089134353871
15893074538542280641
16023710103941379841
16161103839313470451
16218938441464099741
16219054085870532943
16220351933808262927
16476283685416640221
16989962039356684951
17045846991376654351
17243343072724139281
17577532638656647651
17928524712171039121
18118866723956362981
