2152302898747
3474749660383
10710604680091
11377272352951
18996486073489
21569059132741
22749134240827
32398013051587
49550735135449
61995910815541
66643405740451
75451785985621
130974307279201
178147247320351
211470316413049
311294202906781
341550071728321
525529677519001
533707624278181
628429295598301
757635602845351
844942618974169
960964117834951
979790793633541
1350727530916147
1399998338279641
1495680456064411
1900686475189441
2402921698865827
2653749103858561
2955394617240451
3250417962250441
3310359560471701
3388588204498561
3490721156946787
3797514195967801
4139617745669251
4446922111238251
4498414682539051
4513929202172851
4627853036319787
5047645125985351
5111782023412261
5145342852657547
5278152592843021
5373037370660527
5414181669261289
5615477642184301
6302716724494081
6422257147825261
6476198887692901
6830509209595831
6948886474000351
7024865535814141
7053313405428181
7333470436409443
7659632292215287
7774519823358121
8945071808791861
9029309541158341
9456585022800541
9767923393584427
10842583199961061
11566091623208107
12848417746116751
13554686363262661
13759752934435861
13969889116648741
14313975087877741
14341685515501969
15276810864696481
15301101502908451
15746806899876601
17084342134550767
17169962945499127
17532663718436707
18512166110884951
18622315557827827
18901204686891451
19035141775329751
19037158546745431
19408196191496941
19505677079732581
20131118499196981
20521473938245351
20976807969792487
21578914564997329
23403361194151849
23954358856500901
23964472207510201
24743042660633221
26042284959227461
26408846365231501
27699138343981729
29548565674332769
29645348137369147
30020830945551001
30633155980448251
30714961806982447
31038706038517981
34487961038984161
35299340091043381
35803242708118021
36140749487965627
36917426543594101
37094145404669761
37371588241814287
40074697890168481
40137593546561941
41267312818212601
41862078761341147
42399081525570661
43139209100887927
44213562255703843
48148228187145547
52143177243104641
53032569246352081
53362564364599381
53810953204428289
55288156358228641
55375757134192951
58028202109540981
59933410735174021
61841620297648621
61875386788672621
62430556985978581
62804051517546907
67521775772650387
68034115374333751
68228343090197461
68550499816962481
69081382244728981
69680748554113321
70161044230688251
71727255254017747
72909753401208751
72991883609435251
74635928121168541
77879093515243651
79723551837241621
80752614617387047
81037513511432641
81579852313546681
84224967514082851
85298158758869911
85769405649035461
88790281354862851
89198766612828181
90381489131392321
92101327510561027
92322310432028161
93005515445335741
93286341612090901
94423328872035643
96259995878656501
96641378778397207
100816575514373701
101780056841270851
102095658803424001
102802170613195201
103410223758675541
104994248651462809
106123396355954251
110359459667502181
118260361054141741
118469127753064747
120203805938034127
120994040994717061
121172610578286961
126883498980927751
133473986558608321
133848655596482287
139308830084462851
140565225218010841
140807983566096001
142101481274658751
143079834945542419
143207364461995681
143440647953241871
143853486231448951
145866817263504781
146134314199720351
146674175024916001
147861829888683751
148772928688201261
149230040431972501
151273211715483301
151972748181343981
156878210838727951
157090549053116251
157295035226695351
159933618625583251
162388742411506249
165200624796788101
166473058743237751
169017934436407981
174794218337290861
175258127746692451
176073031933869241
178626351655779301
180079411082124847
182103977451581461
190750629289534021
193956886377249661
194864083612270381
199602272416611751
201018909188060371
201353238556695289
203518351613350621
220018316705862751
221569538728073581
225049596314102587
225238839558838951
228688382320321951
230245660726188031
233108954239450351
234146726756127751
237374891042623951
238729824413519251
241152727822454449
242209754967178981
244511672623033861
245474092628329951
247875139572001327
248519861312012461
254598294899977381
257804422600438561
259549211651805487
260260260720389821
260784554205162241
261044274096979921
261064838833333921
262504292501390941
265099319155601101
267535563341485141
268149309465373381
271608763687412581
272401799512129381
274986513705345007
275712414442271647
279618783225100021
283840830380224981
286052025272243401
289337205926314981
291319644173929381
295090885770220567
298072956278837851
318263666858275951
319314931441332121
320915374883495101
322747705499997667
325627459129514107
329060552956048321
332750575410405907
339809272408604701
341208068647157851
343561004944819201
343787355803627569
351871487567223007
355287410171390971
357581818656165421
361738230675985351
367408025049508381
369019550262825001
369761094666311041
372010463791789327
378561863057664001
387914923428681307
392956764345361261
396388296550264591
399843208411515007
400045197129915781
400132145088365581
408214070670963787
410898140503814701
415160042263962451
419322769199587081
427078658264375251
431752002074226541
433269179481668161
439636232428116751
444729935064287701
445008212419213081
445769020563782581
447709291113849451
450416172971050021
453428424519910951
472554144969370201
474121601199345667
476074593694143181
486004335991357501
486020190212505631
487310392744716061
492098744259993751
506031144732863443
512327988542642581
521502949749817729
522797013154877581
522923830862392987
524012709089046451
527540911035185881
528050146164488641
531127257180777181
537086401932977821
537212645681924521
540516116330394751
545229594789381811
547271211401538751
547615243001178901
550196011862652781
553103883637333381
557067189931993261
568375058160756001
570879756739967671
572678464889136451
578956480279120261
580239304141571227
585144312493875751
600955265525778547
602584874330325727
603946631708374249
614796634515444067
619992242900563681
621870948228816001
623563012333353751
625484918950280047
627380334640741501
634287965735354941
636905684293723981
639861337198351621
641251626472494901
651545114285659747
658415719357907941
666365969087037451
668334212383107271
675206808299488711
677086739107794427
684128098611293407
690240479366169187
692761066210903861
715857629520899251
722279451080767861
723229936089012901
723716183494797751
724821520799577277
725499535702267327
737863059100343221
738399901593709981
746364029935110841
746975184313800751
756376351237717381
767111584581117343
770555110385815567
774357249025039681
783322008296115427
784136144447530951
794038661457575689
796952250135916951
800447002851576601
814829704262170351
829957231913265289
835931788027496161
841684776033762181
845856047973332089
860236672981677751
870879429874982881
877007940969697951
878582889591289387
880203225467941957
882340976369331181
883304528655159451
884017146827656801
885365331895552861
896432173840042951
897174291375220951
904839797020176181
905459468342083021
915033529563801481
917126629238104867
917725874390960251
928800816599005957
936700177690616041
938941177594618801
949801617807519751
955733914023246247
960240683857308001
962552985745390021
964663686523675951
969367105074881341
985933587483824167
987112765453731841
989870703899757751
997159508441668441
1000406697347497441
1012934089651795741
1013393934339979501
1024509172772054227
1031178682294636501
1034421739654041601
1034933738743835101
1036649153247171661
1039727336074784281
1041800480547201101
1042719050036736901
1043370736332319627
1045809756792213661
1063861388134717507
1067678681347149301
1099010284936057621
1099983330462812251
1102266999497142181
1105003815778470961
1111458379473320581
1119320312226669001
1123272700731975751
1123792790477412889
1123899519494498041
1142254761191369101
1144336081150073701
1167748053436849501
1169100276353478727
1181234977924782061
1202014821390035407
1209196792887991447
1214732288698495951
1215857144588125411
1225387174621145581
1228851492527278621
1230367759896411361
1231632833624507557
1232701527455491087
1236682206001534951
1236771884318307751
1243899287725644721
1253104551193036387
1254054125845150351
1263696004978893649
1267550740828320301
1296466253031682981
1297916277379106941
1314699405469575049
1329294766096587751
1336956463178480341
1352596744210929661
1365959142176494141
1384682503305434581
1398119471493892951
1403120384403995701
1416555524001782851
1423946592495375301
1426623837341788009
1442794871415103207
1449593085713053051
1455767271768828481
1458161075562765727
1460762860082640409
1465321281963388741
1476395506480662307
1537381236732828103
1538005928078503621
1552222681200793009
1557932690100752101
1558590701407178251
1564984835048253529
1575738602472460861
1577003051999821951
1581047695042520329
1583057429200700251
1592243183500232581
1614301523905134751
1635516613720495351
1646697619851137101
1649557956778270351
1650920211577423081
1656732791166326287
1657083983117701951
1657307548630529461
1668630960737045761
1676403914417981101
1686902379967983751
1696693986744875821
1706768171144183701
1728791767159448161
1740877953435313951
1774012306923022321
1780210954415876761
1783153807877200501
1783610788834970929
1783673356522310401
1785218741820243361
1795291698271462561
1833240342645573751
1837828040272309807
1861478223925780027
1862005743390674701
1871759807715225781
1883601452237537341
1895353803379501741
1917542845723881421
1920889989804071131
1928769694305613741
1930546007920022041
1940626912987154701
1946185996171438561
1950503417850322147
1969165136693975221
1972355635312833781
1977981652178587441
2001851391258003421
2015215272821485351
2023833498269663089
2026622009664400501
2039515324451218027
2041388824961699461
2042967613788919261
2057493781805147251
2086130995586734141
2088599355464224987
2111668603767574741
2116396771348643101
2121137606823287851
2127180960794606947
2129561339696466301
2130015719089277251
2137411781296412851
2150902681863299101
2167172378710646581
2171967256165869007
2173139901019071181
2173257984184045741
2177570167169193721
2201917695689404009
2208519578501064181
2210785314883337851
2218163153698461061
2259595409111160121
2286306717240071761
2304825517559845351
2306733699439233751
2312870613212755261
2314987438923991261
2328113065920030451
2336869401988617541
2339422850770036741
2342288836000477981
2343936311831821141
2346042339618175351
2348729282856490381
2350074838933832851
2362503708442801951
2375568271236599251
2428749082249355251
2439461636653614721
2453644740622444951
2466244147052053369
2466519894540055927
2474947349804941021
2484700647227702287
2486273910823917367
2493938522617121449
2509508985043637851
2519162797605627421
2564121738521269387
2568263360595017221
2570537481344800351
2572937332292758861
2578924624925842021
2579051625835538701
2583014454703193587
2583345338463050569
2609852567738381101
2619857801553176809
2643348769239643741
2648310793499067451
2668407018413758651
2669188536763632451
2677380067596984751
2682916656010833061
2709197278686631981
2710733807870821981
2721923339864222647
2731087106648229421
2745568781672750881
2749205428770820321
2754126585960589951
2766030552477294607
2768944340242982887
2771438527270459927
2794977392418757981
2797714796744839861
2816313030115955371
2829142286101430209
2835745884728414101
2846930813516940151
2847055686811869781
2859364173673198621
2861944300173495601
2876547415016625211
2897005550860225729
2912954828695585381
2925694091953175047
2928762629699771041
2939686164618068251
2950203917035343107
2955792393469565821
2956613477220977941
2972788471124876251
2981910286192395421
2985953937195668251
2987650402680297061
2988400637828289601
3006145432321587181
3017225359512168121
3051393266842187107
3070208643151277767
3097225099010301121
3105324949019451451
3127757211659138761
3147598211028034501
3155768268097248541
3165604496769480481
3168280033585605751
3179897709661650421
3183455857162065031
3214011240371696407
3231070030108501951
3284974789537128451
3290499335409177781
3307531075872993601
3314847828276001081
3316731480663826501
3319798645784810251
3329004674679630451
3332329280629980751
3342361622509015567
3354883129188157027
3357688313320355827
3358296149716841581
3364901781652176751
3365079292005617647
3379152699373570351
3406564360378766047
3408951793299484141
3413090942320305751
3417600887233000021
3439253625043989061
3451902774786914251
3469538952403658947
3485875622947991101
3512673062968694689
3513205870268587741
3523888029289757851
3547951560318605491
3550919880409590781
3555501408650594341
3577857249822117571
3592489989120716251
3626416918920103951
3666096482540708287
3688597737848708851
3689795333182830301
3701003366212457581
3720152436358393729
3733945654035475621
3742373067370434727
3753600431798891521
3790190678459272627
3822478656548430451
3823847141251114207
3825123056546413051
3828189507793969207
3851785905962023987
3865119280122212251
3873838631498193961
3919130230822295287
3920140022187018169
3926030049391037941
3931518357051197221
3946282737648656329
3948835658621975551
3952271639759173741
3955541530291925941
3967486744375647751
3977141827195141741
3993613803771797341
4000161212788813381
4002630520968535501
4007128424369338621
4026800526082221889
4029624898150995343
4030295626785397861
4031682526089808129
4063800263417769169
4084086920048481781
4122596528849596951
4123367159379897529
4125862873347951781
4126648548687021727
4141388013212940661
4145161226382462889
4167437047896147301
4179087019895475451
4187325278435988751
4208467842999126631
4230978649151321341
4246675647834970351
4249716661502636941
4265186605968234451
4277730370781701081
4295234541836445301
4313225998024234201
4319968813623728821
4328380142120073451
4329607044103735351
4352542082330137741
4375978691420782027
4388508754677881761
4405930941433837861
4412960881349847121
4418995979062354861
4470242442956201341
4516624197808588321
4543767069904749781
4544061009057945787
4549807347675683941
4552103357624396701
4558499058056732851
4574170456812710461
4574800319113980367
4579033607663544751
4587047283026608849
4591014764593978951
4602623958616795567
4610526284716988329
4616887137257448901
4624036282199168647
4624527608873340967
4652175423206528281
4654470019680040141
4654650969170226649
4678972624387501021
4711230556704212941
4720644446627722861
4738151426095090387
4752993664448134381
4761601104721932901
4776158226928281451
4782057605953034401
4797101549727004681
4797533686601108251
4798487624755942981
4816487135374299841
4839408765650639701
4858750097716870981
4862707009467653347
4884299455641288187
4910711334783881467
5009046155411168947
5018962394387839267
5031653467402704451
5045136229323761581
5084499004933447009
5194740316342309441
5238401261172566581
5275601972043149251
5279226610899093607
5310722391289162849
5315424154582493407
5327045021757755341
5353006984422668209
5397471567461893921
5399494157737597807
5413663409562200341
5429723853829923649
5473607694328171261
5474093792130026911
5479375450823312851
5486507933941990621
5533231321331775181
5538338983593990289
5551583559652167481
5578854826875293701
5597969539443186751
5621686624060068451
5629750126533124021
5651421996763597207
5668110029595260341
5716344501360799741
5718910734067890061
5720717482888084951
5732081560215864001
5753899501012293751
5797337346658223101
5804922837588968341
5810099803334856751
5829494590365009301
5830231331814433741
5840427895228524487
5910408272687832187
5919967654982222407
5958756949012791661
5965236450465808291
5987072563823070721
5994455942528596927
6004173592148433241
6006852250873216051
6008333814503976367
6019396925640761251
6021942614107252381
6026927886728698951
6058945203352654861
6070289357794634491
6076532631089950129
6080451404331852901
6080804472385030081
6083769677139530209
6084076199294160451
6120833407000281601
6137747050492267381
6154525770760382401
6163517811580414561
6164397021489732481
6168771508898653021
6175340196465585421
6178417466493343501
6190347725336185951
6202925432989051861
6222811592265168421
6242987382524332021
6246686284899949981
6278575895063267251
6295776138893744887
6296714818054927561
6340362641941680901
6341026044127708501
6367420609640461447
6370335073236939121
6373322313265600351
6387077525418337441
6415192437244294411
6438012498660155167
6467129044549241251
6468253637418208261
6479189138997738451
6479849238276904381
6503519948885171101
6508097032269471451
6512330296860985351
6517899756272153341
6605617766052101281
6633405865682400421
6644549289143704801
6657009003579015451
6685684008959599381
6725091969489462661
6736356660087231451
6760386912836141227
6771818756580839947
6783760950225096727
6803934512132355751
6885228538549539751
6984696967234476661
6984747200201639221
6990064773851538289
7002101552920092481
7050696683231193301
7066240988807562127
7106891249776793287
7115487114437923321
7157401552341548047
7206584471903373481
7259624675750133289
7292104165506376261
7296885483004161361
7302138360370413121
7315037911059208331
7318148941634907421
7321143066713266561
7348200809069141251
7361235187296010651
7370388701909275351
7393735627573939381
7405916317419446287
7410815613804896287
7422974821114536067
7423482186886651021
7450710947829711547
7451578432413097291
7461286168327659361
7476015289312435141
7512706187994785221
7525191476807584147
7575269467477185181
7600549509153959221
7614057096859627261
7662700651198013821
7664836010798828143
7694762413642559641
7703244732950872381
7730430123629245861
7764222446946171361
7827641784226323361
7828498915012828369
7857012954611095351
7866341704945817641
7907072955048733927
7907841032467041121
7922273318506821121
7956618816218110741
7962096488603170321
7968097315241849341
7983649808571530341
7992118552887442387
8028396280839844009
8094274360695346141
8107425920043293581
8120375370616467421
8217166584753603751
8218332054734863951
8226142832446491781
8229130695453196621
8252190220296782341
8256883629862425421
8263091562195856681
8276442534101054431
8284260093705281251
8378553498160922077
8384828426451654451
8429500054151484001
8442734389725293191
8467329683559520621
8472945852127528201
8473781200769391781
8476320547235127841
8489415651801782851
8505088739224174261
8527331143293416821
8528465506776279751
8539940887310334487
8541139274302878181
8541836057040382207
8569236370082560927
8602355145733195351
8614572538322761627
8640756478881251551
8709598202231429821
8715631312178039341
8723352014883781687
8801801078547458521
8814914341942958881
8910321239237658241
8922186449106790861
8955137198804182387
8984936424810704221
9040699887064997581
9056820780860898601
9076879225182092941
9095790312825521581
9132995558385152821
9135648287571459781
9164898913837823227
9200003790198784501
9201806220553925521
9218602600631096221
9232108428648314467
9233552205213813751
9245913176998703341
9259552621779068251
9279920540091950101
9312796040389005781
9340970765324014441
9415898314518962701
9437086935754941781
9437613625625540587
9458229958074690451
9467067984204637267
9482371474513771681
9491129136142383451
9493531353275873221
9497235167756732089
9539803734772531501
9542169246560569921
9595363194057624787
9608400279170526241
9630170282273718241
9688375408027333387
9707784532691297851
9737562821467779451
9778109152791033181
9787915188410307301
9795315165124479451
9808100051644807741
9811158438348179461
9839744992202860351
9853368540561503821
9868882650087422851
9883061332876329751
9887161487517839449
9893201341765525351
9932599515865561921
9949017866807157601
9949889017446158881
9981389583877338901
10001879904814050667
10002685279742129341
10028618532568427221
10048959950156561281
10110800828428260481
10134154160963249041
10141061111068350781
10167591505260875251
10179586922719858381
10219612341980897701
10282551081465534301
10291927351251726181
10327920323394480643
10346404612762064449
10358474885615250241
10389089747248536061
10402723814935457851
10450558282397880151
10484722609552292221
10591137879171295447
10611998449091803147
10619604176330119141
10643170957260632569
10673601021707703661
10687674445476024481
10702915322584702141
10713158768821950127
10725745447472847751
10743260590764490141
10776873886604882101
10784014586338677601
10791464017993114501
10836500283147640501
10893227251313545951
10918157724967910041
10933519845314743951
10950575944036630747
10951843523448689707
10984187426356562881
10989789467120102341
10993644662269770901
11047709817238519981
11069752681259110441
11140789193357216221
11180529323739050881
11183143603050374581
11267592705993766081
11276420426732807851
11296448753651699527
11331391343199478627
11333261708750814661
11359249181654849887
11371727167382340361
11401706639386076287
11480804922883121101
11536128324335889847
11536521353128342117
11538785117649342001
11558878770889202581
11625299056372211101
11635974212721070351
11641682892866187547
11642539254720087421
11651908827437414647
11653943738175758251
11678504321757146581
11695914510387982951
11768843034390699181
11792710593640600801
11809060253159471287
11827382268760639951
11827527272863722289
11848566949299504451
11856983013877316941
11865628035944501281
11925116549745840127
11945125701071463421
11948130106138177381
11966898291411607741
11982864846638238967
12035622362369583421
12048486206795575951
12068964351007772041
12124003417521994981
12125548596727652689
12145161052076676037
12146439897466259941
12160768478474908951
12179891491939971361
12252727500554718451
12258227530631294101
12272152865851831501
12298409601981997861
12332598917650650451
12338994709282886569
12397408080432353287
12403599608104995247
12422563309241712901
12441177173306749141
12443014035127019521
12451674972725253277
12474399587299631827
12492657120761304481
12535944410427294781
12560039354199923041
12564684473303400301
12610148138365564081
12613622908049303251
12634273510968141787
12657108792758410261
12670222206928725181
12673166299041183769
12679336868487274261
12726833645013152941
12731267087956830961
12756163726863122581
12836764768522509181
12842921188426200301
12854903801914366741
12865634492982321961
12881545818381375547
12902702375617933861
12917284285306424407
12926269393019659951
13033548934328120941
13035630874782178981
13120459667224799521
13157319837290671027
13188906482312495089
13257635220469793341
13274211450307455187
13322302088277834541
13324504840183249021
13325508392139253267
13399356415328712181
13437447548782408321
13459853217219825751
13470191439730323451
13478382866010447841
13516795125748900261
13522100233974934447
13534054682530300381
13541642534103905341
13553480629848231901
13578248080312842529
13603831888116952483
13614910215980223151
13627719976757770621
13691894371591848301
13697967564191062951
13719601157274186301
13744312062325374421
13749495062562305047
13759146838619177689
13767921801944222221
13779068645689738561
13813453609031492461
13895847529897624747
13907643948380390041
13966721322935834701
13980920000195407447
14020318555621355251
14023470972528929341
14047058391362327341
14051347413508685281
14067451631287981921
14078172203485056547
14095152041283044101
14116064942909704141
14145340381861111807
14169665789618812021
14195837564553622051
14202087637025183941
14246286837887412001
14285828848168043167
14310950627603134891
14318453641854960751
14363605524850572607
14389008521274527251
14431784818274507251
14490791292529396981
14546693059673437981
14688059738864848381
14697831625770713941
14730672089134353871
14739327069204357187
14769494025390087301
14780143503160267681
14791690626025881751
14876691384509794951
14900475501390750727
14905696376006450827
14910168546623200861
14953998073178495341
15019539385694807701
15054764184661401649
15055543886468307727
15066919498265855251
15154254536292585517
15180380169260293081
15187043889383908411
15192930491026938541
15286925311940672851
15304894460003897101
15378021135340047361
15405526445370121747
15420837298145659381
15482141947459675951
15519842278821490501
15545931055113810781
15579392381928894751
15598340494734904747
15660820500995821861
15689562773263304641
15709010438456887861
15744631111949474101
15771223731698650027
15822110378624556847
15867011427584581951
15893074538542280641
15923250186492170341
15925211610216851251
15933905559981357301
16023710103941379841
16089670755900245701
16105223565757650061
16114187531352438361
16136432369056952947
16142358139006633381
16161103839313470451
16207018511117990221
16212537499582968391
16218938441464099741
16219054085870532943
16220351933808262927
16338325852935423751
16346092593679030687
16384601398902281821
16430848277834144449
16446285907235584849
16448302011438061381
16448718755388871027
16451102426477129251
16457666524590762901
16476283685416640221
16511516408511025441
16570932464043378541
16647567330203515261
16673690425191543547
16814276359704062821
16833229688997473761
16926751746456557851
16989962039356684951
17045846991376654351
17113226804581502827
17140179712197807541
17210618153611206127
17230397991055866091
17231385642176652451
17243343072724139281
17279342308722123631
17294190212952158227
17323786720893132481
17326464701955547951
17326708638191424181
17334239086208649529
17335823114570077501
17369919716340171007
17377719923843627041
17424559280815791301
17463293311770367951
17479379095533395041
17558921870978893987
17569630785772671451
17572938863893081021
17577532638656647651
17646252886120077787
17685625455040577329
17737853903776104961
17844580076261995981
17911153195894888021
17913674239838495821
17917656557833055341
17928177637457611261
17928524712171039121
17956376462506103467
18039875169950599951
18067701789732330361
18118866723956362981
18130195309431697381
18196093263036861721
18218618292062293951
18233555239521763987
18283017674253583261
18289898823735840421
18298361085566193451
18319262903101698427
18330002423182305901
18359731494235659529
18418028705850728767
